| time start | time end | open | high | low | close | volume | return_2_open_close | return_2_high_close | return_2_low_close | return_2_close_close | logreturn_2_open_close | logreturn_2_high_close | logreturn_2_low_close | logreturn_2_close_close |
| --- | --- | --- | --- | --- | --- | --- | --- | --- | --- | --- | --- | --- | --- | --- |
| 2024-03-05 00:00:00 | 2024-03-05 06:00:00 | 3625.60 | 3740.00 | 3607.24 | 3715.80 | 274498.96 | -0.000593 | 0.030942 | -0.005654 | 0.024271 | -0.000593 | 0.030473 | -0.005670 | 0.023981 |
| 2024-03-05 06:00:00 | 2024-03-05 12:00:00 | 3715.81 | 3742.00 | 3651.87 | 3731.46 | 152156.31 | 0.000003 | 0.007051 | -0.017205 | 0.004214 | 0.000003 | 0.007026 | -0.017355 | 0.004206 |
| 2024-03-05 12:00:00 | 2024-03-05 18:00:00 | 3730.80 | 3822.04 | 3556.46 | 3686.51 | 447239.86 | -0.000177 | 0.024275 | -0.046899 | -0.012046 | -0.000177 | 0.023985 | -0.048034 | -0.012119 |
| 2024-03-05 18:00:00 | 2024-03-06 00:00:00 | 3686.52 | 3686.52 | 3200.00 | 3553.66 | 518982.69 | 0.000003 | 0.000003 | -0.131970 | -0.036037 | 0.000003 | 0.000003 | -0.141529 | -0.036702 |
| 2024-03-06 00:00:00 | 2024-03-06 06:00:00 | 3561.00 | 3770.63 | 3499.40 | 3769.44 | 255998.91 | 0.002066 | 0.061055 | -0.015269 | 0.060721 | 0.002063 | 0.059264 | -0.015387 | 0.058948 |
| 2024-03-06 06:00:00 | 2024-03-06 12:00:00 | 3771.55 | 3899.47 | 3740.83 | 3879.74 | 291552.28 | 0.000560 | 0.034496 | -0.007590 | 0.029262 | 0.000560 | 0.033914 | -0.007619 | 0.028842 |
| 2024-03-06 12:00:00 | 2024-03-06 18:00:00 | 3881.83 | 3900.00 | 3724.00 | 3847.06 | 295844.49 | 0.000539 | 0.005222 | -0.040142 | -0.008423 | 0.000539 | 0.005208 | -0.040970 | -0.008459 |
| 2024-03-06 18:00:00 | 2024-03-07 00:00:00 | 3836.67 | 3892.58 | 3792.70 | 3818.58 | 125969.90 | -0.002701 | 0.011832 | -0.014130 | -0.007403 | -0.002704 | 0.011763 | -0.014231 | -0.007431 |
| 2024-03-07 00:00:00 | 2024-03-07 06:00:00 | 3822.71 | 3852.69 | 3742.51 | 3753.98 | 137751.52 | 0.001082 | 0.008933 | -0.019921 | -0.016917 | 0.001081 | 0.008893 | -0.020122 | -0.017062 |
| 2024-03-07 06:00:00 | 2024-03-07 12:00:00 | 3753.05 | 3814.92 | 3735.00 | 3787.58 | 109069.45 | -0.000248 | 0.016233 | -0.005056 | 0.008951 | -0.000248 | 0.016103 | -0.005069 | 0.008911 |
| 2024-03-07 12:00:00 | 2024-03-07 18:00:00 | 3789.40 | 3872.60 | 3765.12 | 3858.61 | 158292.12 | 0.000480 | 0.022447 | -0.005930 | 0.018753 | 0.000480 | 0.022199 | -0.005948 | 0.018580 |
| 2024-03-07 18:00:00 | 2024-03-08 00:00:00 | 3861.92 | 3933.81 | 3840.00 | 3868.76 | 135743.14 | 0.000858 | 0.019489 | -0.004823 | 0.002630 | 0.000857 | 0.019301 | -0.004835 | 0.002627 |
| 2024-03-08 00:00:00 | 2024-03-08 06:00:00 | 3868.75 | 3940.60 | 3863.56 | 3888.07 | 99438.24 | -0.000003 | 0.018569 | -0.001344 | 0.004991 | -0.000003 | 0.018399 | -0.001345 | 0.004979 |
| 2024-03-08 06:00:00 | 2024-03-08 12:00:00 | 3888.06 | 3954.98 | 3883.59 | 3950.46 | 122944.64 | -0.000003 | 0.017209 | -0.001152 | 0.016046 | -0.000003 | 0.017063 | -0.001153 | 0.015919 |
| 2024-03-08 12:00:00 | 2024-03-08 18:00:00 | 3953.00 | 3993.75 | 3820.00 | 3942.38 | 302699.17 | 0.000643 | 0.010958 | -0.033024 | -0.002045 | 0.000643 | 0.010899 | -0.033582 | -0.002047 |
| 2024-03-08 18:00:00 | 2024-03-09 00:00:00 | 3945.00 | 3950.85 | 3871.28 | 3883.37 | 121236.52 | 0.000665 | 0.002149 | -0.018035 | -0.014968 | 0.000664 | 0.002146 | -0.018199 | -0.015081 |
| 2024-03-09 00:00:00 | 2024-03-09 06:00:00 | 3883.36 | 3931.39 | 3877.50 | 3918.40 | 58718.55 | -0.000003 | 0.012365 | -0.001512 | 0.009020 | -0.000003 | 0.012290 | -0.001513 | 0.008980 |
| 2024-03-09 06:00:00 | 2024-03-09 12:00:00 | 3917.51 | 3942.00 | 3887.99 | 3912.50 | 68331.77 | -0.000227 | 0.006023 | -0.007761 | -0.001506 | -0.000227 | 0.006005 | -0.007791 | -0.001507 |
| 2024-03-09 12:00:00 | 2024-03-09 18:00:00 | 3913.25 | 3927.05 | 3870.01 | 3883.07 | 78922.44 | 0.000192 | 0.003719 | -0.010860 | -0.007522 | 0.000192 | 0.003712 | -0.010919 | -0.007550 |
| 2024-03-09 18:00:00 | 2024-03-10 00:00:00 | 3881.98 | 3912.68 | 3878.02 | 3905.20 | 48925.99 | -0.000281 | 0.007625 | -0.001301 | 0.005699 | -0.000281 | 0.007596 | -0.001301 | 0.005683 |
| 2024-03-10 00:00:00 | 2024-03-10 06:00:00 | 3908.92 | 3950.00 | 3899.51 | 3938.83 | 76291.12 | 0.000953 | 0.011472 | -0.001457 | 0.008612 | 0.000952 | 0.011407 | -0.001458 | 0.008575 |
| 2024-03-10 06:00:00 | 2024-03-10 12:00:00 | 3938.12 | 3964.67 | 3920.02 | 3932.72 | 74721.59 | -0.000180 | 0.006560 | -0.004776 | -0.001551 | -0.000180 | 0.006539 | -0.004787 | -0.001552 |
| 2024-03-10 12:00:00 | 2024-03-10 18:00:00 | 3932.12 | 3947.18 | 3860.65 | 3912.03 | 115945.84 | -0.000153 | 0.003677 | -0.018326 | -0.005261 | -0.000153 | 0.003670 | -0.018496 | -0.005275 |
| 2024-03-10 18:00:00 | 2024-03-11 00:00:00 | 3911.60 | 3918.00 | 3791.26 | 3878.47 | 89646.55 | -0.000110 | 0.001526 | -0.030871 | -0.008579 | -0.000110 | 0.001525 | -0.031358 | -0.008616 |
| 2024-03-11 00:00:00 | 2024-03-11 06:00:00 | 3875.60 | 3888.38 | 3722.95 | 3847.98 | 130327.67 | -0.000740 | 0.002555 | -0.040098 | -0.007861 | -0.000740 | 0.002552 | -0.040924 | -0.007892 |
| 2024-03-11 06:00:00 | 2024-03-11 12:00:00 | 3849.80 | 4054.60 | 3834.22 | 4034.25 | 299880.61 | 0.000473 | 0.053696 | -0.003576 | 0.048407 | 0.000473 | 0.052304 | -0.003582 | 0.047272 |
| 2024-03-11 12:00:00 | 2024-03-11 18:00:00 | 4036.77 | 4065.80 | 3998.92 | 4038.66 | 187916.99 | 0.000625 | 0.007821 | -0.008758 | 0.001093 | 0.000624 | 0.007790 | -0.008796 | 0.001093 |
| 2024-03-11 18:00:00 | 2024-03-12 00:00:00 | 4039.00 | 4086.23 | 4027.92 | 4064.80 | 103401.38 | 0.000084 | 0.011779 | -0.002659 | 0.006472 | 0.000084 | 0.011710 | -0.002663 | 0.006452 |
| 2024-03-12 00:00:00 | 2024-03-12 06:00:00 | 4072.04 | 4093.92 | 4021.19 | 4040.01 | 107326.31 | 0.001781 | 0.007164 | -0.010729 | -0.006099 | 0.001780 | 0.007138 | -0.010787 | -0.006117 |
| 2024-03-12 06:00:00 | 2024-03-12 12:00:00 | 4038.48 | 4065.00 | 3965.00 | 4020.84 | 120900.12 | -0.000379 | 0.006186 | -0.018567 | -0.004745 | -0.000379 | 0.006167 | -0.018741 | -0.004756 |
| 2024-03-12 12:00:00 | 2024-03-12 18:00:00 | 4024.08 | 4053.80 | 3828.98 | 3950.56 | 271978.93 | 0.000806 | 0.008197 | -0.047716 | -0.017479 | 0.000805 | 0.008164 | -0.048892 | -0.017634 |
| 2024-03-12 18:00:00 | 2024-03-13 00:00:00 | 3958.77 | 3991.00 | 3927.18 | 3979.97 | 132684.34 | 0.002078 | 0.010237 | -0.005918 | 0.007444 | 0.002076 | 0.010184 | -0.005936 | 0.007417 |
| 2024-03-13 00:00:00 | 2024-03-13 06:00:00 | 3984.15 | 4045.86 | 3973.53 | 4037.04 | 87242.80 | 0.001050 | 0.016555 | -0.001618 | 0.014339 | 0.001050 | 0.016420 | -0.001619 | 0.014237 |
| 2024-03-13 06:00:00 | 2024-03-13 12:00:00 | 4038.18 | 4083.00 | 4033.60 | 4048.91 | 119282.95 | 0.000282 | 0.011385 | -0.000852 | 0.002940 | 0.000282 | 0.011320 | -0.000852 | 0.002936 |
| 2024-03-13 12:00:00 | 2024-03-13 18:00:00 | 4052.18 | 4053.00 | 3932.23 | 3981.01 | 191477.01 | 0.000808 | 0.001010 | -0.028818 | -0.016770 | 0.000807 | 0.001010 | -0.029241 | -0.016912 |
| 2024-03-13 18:00:00 | 2024-03-14 00:00:00 | 3980.05 | 4021.00 | 3973.51 | 4004.79 | 84197.83 | -0.000241 | 0.010045 | -0.001884 | 0.005973 | -0.000241 | 0.009995 | -0.001886 | 0.005956 |
| 2024-03-14 00:00:00 | 2024-03-14 06:00:00 | 4003.78 | 4010.98 | 3940.64 | 3969.16 | 94377.40 | -0.000252 | 0.001546 | -0.016018 | -0.008897 | -0.000252 | 0.001544 | -0.016148 | -0.008937 |
| 2024-03-14 06:00:00 | 2024-03-14 12:00:00 | 3970.53 | 3997.70 | 3943.12 | 3955.04 | 88992.42 | 0.000345 | 0.007190 | -0.006561 | -0.003557 | 0.000345 | 0.007165 | -0.006582 | -0.003564 |
| 2024-03-14 12:00:00 | 2024-03-14 18:00:00 | 3951.40 | 3967.40 | 3820.20 | 3874.80 | 249741.77 | -0.000920 | 0.003125 | -0.034093 | -0.020288 | -0.000921 | 0.003120 | -0.034688 | -0.020497 |
| 2024-03-14 18:00:00 | 2024-03-15 00:00:00 | 3874.81 | 3892.00 | 3723.00 | 3881.69 | 215138.06 | 0.000003 | 0.004439 | -0.039176 | 0.001778 | 0.000003 | 0.004429 | -0.039964 | 0.001777 |
| 2024-03-15 00:00:00 | 2024-03-15 06:00:00 | 3886.38 | 3934.02 | 3623.00 | 3674.21 | 326234.36 | 0.001208 | 0.013481 | -0.066644 | -0.053451 | 0.001207 | 0.013391 | -0.068968 | -0.054932 |
| 2024-03-15 06:00:00 | 2024-03-15 12:00:00 | 3683.87 | 3779.92 | 3570.00 | 3689.33 | 288952.26 | 0.002629 | 0.028771 | -0.028363 | 0.004115 | 0.002626 | 0.028365 | -0.028773 | 0.004107 |
| 2024-03-15 12:00:00 | 2024-03-15 18:00:00 | 3690.92 | 3742.00 | 3659.01 | 3694.74 | 164260.59 | 0.000431 | 0.014276 | -0.008218 | 0.001466 | 0.000431 | 0.014175 | -0.008252 | 0.001465 |
| 2024-03-15 18:00:00 | 2024-03-16 00:00:00 | 3697.50 | 3806.62 | 3606.65 | 3742.19 | 168413.39 | 0.000747 | 0.030281 | -0.023842 | 0.012843 | 0.000747 | 0.029832 | -0.024131 | 0.012761 |
| 2024-03-16 00:00:00 | 2024-03-16 06:00:00 | 3744.26 | 3781.12 | 3690.18 | 3714.01 | 97735.20 | 0.000553 | 0.010403 | -0.013898 | -0.007530 | 0.000553 | 0.010349 | -0.013996 | -0.007559 |
| 2024-03-16 06:00:00 | 2024-03-16 12:00:00 | 3715.40 | 3741.35 | 3661.83 | 3692.29 | 87543.55 | 0.000374 | 0.007361 | -0.014049 | -0.005848 | 0.000374 | 0.007334 | -0.014149 | -0.005865 |
| 2024-03-16 12:00:00 | 2024-03-16 18:00:00 | 3695.56 | 3711.37 | 3626.39 | 3632.39 | 134075.01 | 0.000886 | 0.005168 | -0.017848 | -0.016223 | 0.000885 | 0.005154 | -0.018009 | -0.016356 |
| 2024-03-16 18:00:00 | 2024-03-17 00:00:00 | 3638.14 | 3638.14 | 3468.80 | 3523.09 | 228868.92 | 0.001583 | 0.001583 | -0.045036 | -0.030090 | 0.001582 | 0.001582 | -0.046082 | -0.030552 |
| 2024-03-17 00:00:00 | 2024-03-17 06:00:00 | 3538.70 | 3582.40 | 3504.95 | 3545.78 | 109527.92 | 0.004431 | 0.016835 | -0.005149 | 0.006440 | 0.004421 | 0.016694 | -0.005162 | 0.006420 |
| 2024-03-17 06:00:00 | 2024-03-17 12:00:00 | 3548.68 | 3606.41 | 3412.00 | 3578.99 | 202214.19 | 0.000818 | 0.017099 | -0.037729 | 0.009366 | 0.000818 | 0.016955 | -0.038460 | 0.009322 |
| 2024-03-17 12:00:00 | 2024-03-17 18:00:00 | 3583.40 | 3649.00 | 3528.36 | 3644.63 | 133044.51 | 0.001232 | 0.019561 | -0.014146 | 0.018340 | 0.001231 | 0.019373 | -0.014247 | 0.018174 |
| 2024-03-17 18:00:00 | 2024-03-18 00:00:00 | 3638.61 | 3678.68 | 3623.04 | 3644.70 | 72710.00 | -0.001652 | 0.009343 | -0.005924 | 0.000019 | -0.001653 | 0.009299 | -0.005941 | 0.000019 |
| 2024-03-18 00:00:00 | 2024-03-18 06:00:00 | 3645.02 | 3645.02 | 3557.31 | 3634.29 | 116076.67 | 0.000088 | 0.000088 | -0.023977 | -0.002856 | 0.000088 | 0.000088 | -0.024269 | -0.002860 |
| 2024-03-18 06:00:00 | 2024-03-18 12:00:00 | 3634.66 | 3640.97 | 3548.99 | 3597.83 | 135643.06 | 0.000102 | 0.001838 | -0.023471 | -0.010032 | 0.000102 | 0.001836 | -0.023751 | -0.010083 |
| 2024-03-18 12:00:00 | 2024-03-18 18:00:00 | 3595.71 | 3613.41 | 3454.09 | 3508.18 | 201109.52 | -0.000589 | 0.004330 | -0.039952 | -0.024918 | -0.000589 | 0.004321 | -0.040772 | -0.025234 |
| 2024-03-18 18:00:00 | 2024-03-19 00:00:00 | 3504.21 | 3548.00 | 3465.00 | 3520.47 | 118203.68 | -0.001132 | 0.011351 | -0.012308 | 0.003503 | -0.001132 | 0.011287 | -0.012385 | 0.003497 |
| 2024-03-19 00:00:00 | 2024-03-19 06:00:00 | 3518.65 | 3548.09 | 3353.00 | 3382.20 | 259820.52 | -0.000517 | 0.007846 | -0.047570 | -0.039276 | -0.000517 | 0.007815 | -0.048739 | -0.040068 |
| 2024-03-19 06:00:00 | 2024-03-19 12:00:00 | 3381.08 | 3393.07 | 3202.84 | 3276.51 | 341400.20 | -0.000331 | 0.003214 | -0.053031 | -0.031249 | -0.000331 | 0.003209 | -0.054488 | -0.031748 |
| 2024-03-19 12:00:00 | 2024-03-19 18:00:00 | 3276.60 | 3357.68 | 3223.50 | 3314.29 | 248158.46 | 0.000027 | 0.024773 | -0.016179 | 0.011531 | 0.000027 | 0.024471 | -0.016311 | 0.011465 |
| 2024-03-19 18:00:00 | 2024-03-20 00:00:00 | 3308.12 | 3359.80 | 3150.88 | 3158.65 | 200251.58 | -0.001862 | 0.013731 | -0.049305 | -0.046960 | -0.001863 | 0.013638 | -0.050562 | -0.048099 |
| 2024-03-20 00:00:00 | 2024-03-20 06:00:00 | 3156.40 | 3266.01 | 3056.56 | 3109.95 | 313079.79 | -0.000712 | 0.033989 | -0.032321 | -0.015418 | -0.000713 | 0.033424 | -0.032855 | -0.015538 |
| 2024-03-20 06:00:00 | 2024-03-20 12:00:00 | 3108.70 | 3296.72 | 3108.23 | 3293.26 | 242271.03 | -0.000402 | 0.060056 | -0.000553 | 0.058943 | -0.000402 | 0.058321 | -0.000553 | 0.057271 |
| 2024-03-20 12:00:00 | 2024-03-20 18:00:00 | 3293.27 | 3397.00 | 3140.71 | 3299.19 | 400117.71 | 0.000003 | 0.031501 | -0.046322 | 0.001801 | 0.000003 | 0.031015 | -0.047429 | 0.001799 |
| 2024-03-20 18:00:00 | 2024-03-21 00:00:00 | 3324.60 | 3535.24 | 3295.42 | 3516.53 | 253530.02 | 0.007702 | 0.071548 | -0.001143 | 0.065877 | 0.007672 | 0.069104 | -0.001143 | 0.063798 |
| 2024-03-21 00:00:00 | 2024-03-21 06:00:00 | 3512.94 | 3558.99 | 3446.47 | 3510.09 | 153755.77 | -0.001021 | 0.012074 | -0.019923 | -0.001831 | -0.001021 | 0.012002 | -0.020124 | -0.001833 |
| 2024-03-21 06:00:00 | 2024-03-21 12:00:00 | 3506.26 | 3587.32 | 3502.00 | 3531.18 | 139088.21 | -0.001091 | 0.022002 | -0.002305 | 0.006008 | -0.001092 | 0.021764 | -0.002307 | 0.005990 |
| 2024-03-21 12:00:00 | 2024-03-21 18:00:00 | 3535.14 | 3574.41 | 3462.10 | 3473.00 | 156709.44 | 0.001121 | 0.012242 | -0.019563 | -0.016476 | 0.001121 | 0.012168 | -0.019757 | -0.016613 |
| 2024-03-21 18:00:00 | 2024-03-22 00:00:00 | 3481.14 | 3521.91 | 3412.00 | 3492.84 | 151437.41 | 0.002344 | 0.014083 | -0.017564 | 0.005713 | 0.002341 | 0.013985 | -0.017720 | 0.005696 |
| 2024-03-22 00:00:00 | 2024-03-22 06:00:00 | 3491.50 | 3533.49 | 3454.01 | 3531.80 | 89021.32 | -0.000384 | 0.011638 | -0.011117 | 0.011154 | -0.000384 | 0.011571 | -0.011179 | 0.011092 |
| 2024-03-22 06:00:00 | 2024-03-22 12:00:00 | 3532.88 | 3542.52 | 3394.42 | 3405.18 | 98988.89 | 0.000306 | 0.003035 | -0.038898 | -0.035851 | 0.000306 | 0.003031 | -0.039675 | -0.036510 |
| 2024-03-22 12:00:00 | 2024-03-22 18:00:00 | 3403.58 | 3425.84 | 3281.00 | 3335.97 | 213390.18 | -0.000470 | 0.006067 | -0.036468 | -0.020325 | -0.000470 | 0.006049 | -0.037150 | -0.020534 |
| 2024-03-22 18:00:00 | 2024-03-23 00:00:00 | 3332.72 | 3362.19 | 3250.00 | 3336.35 | 157501.18 | -0.000974 | 0.007860 | -0.025771 | 0.000114 | -0.000975 | 0.007829 | -0.026108 | 0.000114 |
| 2024-03-23 00:00:00 | 2024-03-23 06:00:00 | 3337.01 | 3362.38 | 3270.08 | 3331.62 | 75209.35 | 0.000198 | 0.007802 | -0.019863 | -0.001418 | 0.000198 | 0.007772 | -0.020063 | -0.001419 |
| 2024-03-23 06:00:00 | 2024-03-23 12:00:00 | 3331.61 | 3383.80 | 3321.21 | 3364.98 | 69364.59 | -0.000003 | 0.015662 | -0.003125 | 0.010013 | -0.000003 | 0.015541 | -0.003130 | 0.009963 |
| 2024-03-23 12:00:00 | 2024-03-23 18:00:00 | 3359.84 | 3435.48 | 3343.41 | 3403.81 | 101709.10 | -0.001527 | 0.020951 | -0.006410 | 0.011539 | -0.001529 | 0.020735 | -0.006431 | 0.011473 |
| 2024-03-23 18:00:00 | 2024-03-24 00:00:00 | 3404.83 | 3413.39 | 3327.28 | 3329.53 | 77469.02 | 0.000300 | 0.002814 | -0.022484 | -0.021823 | 0.000300 | 0.002810 | -0.022740 | -0.022064 |
| 2024-03-24 00:00:00 | 2024-03-24 06:00:00 | 3333.00 | 3368.16 | 3298.76 | 3325.13 | 74958.94 | 0.001042 | 0.011602 | -0.009242 | -0.001322 | 0.001042 | 0.011535 | -0.009285 | -0.001322 |
| 2024-03-24 06:00:00 | 2024-03-24 12:00:00 | 3324.01 | 3392.72 | 3315.01 | 3387.37 | 48824.60 | -0.000337 | 0.020327 | -0.003043 | 0.018718 | -0.000337 | 0.020123 | -0.003048 | 0.018545 |
| 2024-03-24 12:00:00 | 2024-03-24 18:00:00 | 3383.04 | 3414.46 | 3333.00 | 3367.53 | 69979.42 | -0.001278 | 0.007997 | -0.016051 | -0.005857 | -0.001279 | 0.007965 | -0.016181 | -0.005874 |
| 2024-03-24 18:00:00 | 2024-03-25 00:00:00 | 3367.08 | 3471.22 | 3367.08 | 3454.99 | 66916.70 | -0.000134 | 0.030791 | -0.000134 | 0.025972 | -0.000134 | 0.030327 | -0.000134 | 0.025640 |
| 2024-03-25 00:00:00 | 2024-03-25 06:00:00 | 3454.98 | 3506.49 | 3420.12 | 3486.32 | 103225.14 | -0.000003 | 0.014906 | -0.010093 | 0.009068 | -0.000003 | 0.014796 | -0.010144 | 0.009027 |
| 2024-03-25 06:00:00 | 2024-03-25 12:00:00 | 3485.83 | 3487.98 | 3432.15 | 3436.20 | 72856.85 | -0.000141 | 0.000476 | -0.015538 | -0.014376 | -0.000141 | 0.000476 | -0.015660 | -0.014481 |
| 2024-03-25 12:00:00 | 2024-03-25 18:00:00 | 3436.43 | 3666.00 | 3430.00 | 3638.91 | 234576.77 | 0.000067 | 0.066876 | -0.001804 | 0.058992 | 0.000067 | 0.064735 | -0.001806 | 0.057318 |
| 2024-03-25 18:00:00 | 2024-03-26 00:00:00 | 3637.80 | 3646.66 | 3566.47 | 3590.43 | 137953.73 | -0.000305 | 0.002130 | -0.019907 | -0.013323 | -0.000305 | 0.002127 | -0.020108 | -0.013412 |
| 2024-03-26 00:00:00 | 2024-03-26 06:00:00 | 3590.42 | 3643.71 | 3580.95 | 3630.29 | 167787.24 | -0.000003 | 0.014839 | -0.002640 | 0.011102 | -0.000003 | 0.014730 | -0.002644 | 0.011041 |
| 2024-03-26 06:00:00 | 2024-03-26 12:00:00 | 3630.00 | 3678.86 | 3627.00 | 3631.61 | 92886.00 | -0.000080 | 0.013379 | -0.000906 | 0.000364 | -0.000080 | 0.013290 | -0.000907 | 0.000364 |
| 2024-03-26 12:00:00 | 2024-03-26 18:00:00 | 3630.00 | 3654.34 | 3542.62 | 3583.81 | 147165.07 | -0.000443 | 0.006259 | -0.024504 | -0.013162 | -0.000443 | 0.006239 | -0.024810 | -0.013250 |
| 2024-03-26 18:00:00 | 2024-03-27 00:00:00 | 3586.51 | 3613.50 | 3555.56 | 3587.32 | 91150.25 | 0.000753 | 0.008284 | -0.007883 | 0.000979 | 0.000753 | 0.008250 | -0.007914 | 0.000979 |
| 2024-03-27 00:00:00 | 2024-03-27 06:00:00 | 3588.71 | 3627.67 | 3577.00 | 3612.41 | 58942.75 | 0.000387 | 0.011248 | -0.002877 | 0.006994 | 0.000387 | 0.011185 | -0.002881 | 0.006970 |
| 2024-03-27 06:00:00 | 2024-03-27 12:00:00 | 3610.50 | 3616.50 | 3532.96 | 3585.07 | 76309.66 | -0.000529 | 0.001132 | -0.021994 | -0.007568 | -0.000529 | 0.001132 | -0.022239 | -0.007597 |
| 2024-03-27 12:00:00 | 2024-03-27 18:00:00 | 3586.75 | 3665.84 | 3484.00 | 3498.00 | 228896.25 | 0.000469 | 0.022530 | -0.028192 | -0.024287 | 0.000468 | 0.022280 | -0.028597 | -0.024587 |
| 2024-03-27 18:00:00 | 2024-03-28 00:00:00 | 3500.32 | 3521.47 | 3460.02 | 3501.20 | 79070.61 | 0.000663 | 0.006710 | -0.010858 | 0.000915 | 0.000663 | 0.006687 | -0.010917 | 0.000914 |
| 2024-03-28 00:00:00 | 2024-03-28 06:00:00 | 3499.52 | 3542.37 | 3465.00 | 3533.70 | 128362.54 | -0.000480 | 0.011759 | -0.010339 | 0.009283 | -0.000480 | 0.011690 | -0.010393 | 0.009240 |
| 2024-03-28 06:00:00 | 2024-03-28 12:00:00 | 3538.00 | 3595.70 | 3526.09 | 3579.74 | 98842.27 | 0.001217 | 0.017545 | -0.002154 | 0.013029 | 0.001216 | 0.017393 | -0.002156 | 0.012945 |
| 2024-03-28 12:00:00 | 2024-03-28 18:00:00 | 3584.23 | 3611.78 | 3537.48 | 3553.85 | 108258.64 | 0.001254 | 0.008950 | -0.011805 | -0.007232 | 0.001253 | 0.008911 | -0.011876 | -0.007259 |
| 2024-03-28 18:00:00 | 2024-03-29 00:00:00 | 3553.03 | 3580.00 | 3541.37 | 3560.49 | 69778.66 | -0.000231 | 0.007358 | -0.003512 | 0.001868 | -0.000231 | 0.007331 | -0.003518 | 0.001867 |
| 2024-03-29 00:00:00 | 2024-03-29 06:00:00 | 3560.61 | 3584.37 | 3550.05 | 3558.03 | 46691.17 | 0.000034 | 0.006707 | -0.002932 | -0.000691 | 0.000034 | 0.006685 | -0.002936 | -0.000691 |
| 2024-03-29 06:00:00 | 2024-03-29 12:00:00 | 3560.64 | 3576.27 | 3512.85 | 3549.86 | 95817.39 | 0.000734 | 0.005126 | -0.012698 | -0.002296 | 0.000733 | 0.005113 | -0.012779 | -0.002299 |
| 2024-03-29 12:00:00 | 2024-03-29 18:00:00 | 3552.70 | 3558.00 | 3445.91 | 3485.24 | 113210.26 | 0.000800 | 0.002293 | -0.029283 | -0.018204 | 0.000800 | 0.002290 | -0.029720 | -0.018371 |
| 2024-03-29 18:00:00 | 2024-03-30 00:00:00 | 3483.60 | 3524.55 | 3475.39 | 3509.74 | 66758.20 | -0.000471 | 0.011279 | -0.002826 | 0.007030 | -0.000471 | 0.011216 | -0.002830 | 0.007005 |
| 2024-03-30 00:00:00 | 2024-03-30 06:00:00 | 3512.53 | 3532.77 | 3486.58 | 3508.00 | 70780.19 | 0.000795 | 0.006562 | -0.006599 | -0.000496 | 0.000795 | 0.006540 | -0.006621 | -0.000496 |
| 2024-03-30 06:00:00 | 2024-03-30 12:00:00 | 3508.56 | 3564.00 | 3492.20 | 3559.99 | 63280.99 | 0.000160 | 0.015964 | -0.004504 | 0.014820 | 0.000160 | 0.015837 | -0.004514 | 0.014712 |
| 2024-03-30 12:00:00 | 2024-03-30 18:00:00 | 3565.81 | 3565.81 | 3526.08 | 3531.97 | 42763.14 | 0.001635 | 0.001635 | -0.009525 | -0.007871 | 0.001634 | 0.001634 | -0.009571 | -0.007902 |
| 2024-03-30 18:00:00 | 2024-03-31 00:00:00 | 3529.98 | 3531.97 | 3485.00 | 3505.65 | 39208.43 | -0.000563 | 0.000000 | -0.013299 | -0.007452 | -0.000564 | 0.000000 | -0.013388 | -0.007480 |
| 2024-03-31 00:00:00 | 2024-03-31 06:00:00 | 3507.42 | 3607.97 | 3505.09 | 3604.20 | 63409.80 | 0.000505 | 0.029187 | -0.000160 | 0.028112 | 0.000505 | 0.028769 | -0.000160 | 0.027724 |
| 2024-03-31 06:00:00 | 2024-03-31 12:00:00 | 3604.03 | 3632.80 | 3600.38 | 3609.20 | 70873.06 | -0.000047 | 0.007935 | -0.001060 | 0.001387 | -0.000047 | 0.007904 | -0.001060 | 0.001386 |
| 2024-03-31 12:00:00 | 2024-03-31 18:00:00 | 3610.72 | 3638.00 | 3606.78 | 3626.59 | 52935.85 | 0.000421 | 0.007980 | -0.000670 | 0.004818 | 0.000421 | 0.007948 | -0.000671 | 0.004807 |
| 2024-03-31 18:00:00 | 2024-04-01 00:00:00 | 3625.61 | 3655.32 | 3613.75 | 3645.29 | 56483.35 | -0.000270 | 0.007922 | -0.003541 | 0.005156 | -0.000270 | 0.007891 | -0.003547 | 0.005143 |
| 2024-04-01 00:00:00 | 2024-04-01 06:00:00 | 3641.26 | 3645.95 | 3500.00 | 3510.00 | 88452.41 | -0.001106 | 0.000181 | -0.039857 | -0.037114 | -0.001106 | 0.000181 | -0.040673 | -0.037820 |
| 2024-04-01 06:00:00 | 2024-04-01 12:00:00 | 3505.76 | 3560.17 | 3502.23 | 3537.98 | 91970.63 | -0.001208 | 0.014293 | -0.002214 | 0.007972 | -0.001209 | 0.014192 | -0.002216 | 0.007940 |
| 2024-04-01 12:00:00 | 2024-04-01 18:00:00 | 3534.74 | 3570.58 | 3413.71 | 3443.55 | 161995.47 | -0.000916 | 0.009214 | -0.035125 | -0.026690 | -0.000916 | 0.009172 | -0.035756 | -0.027053 |
| 2024-04-01 18:00:00 | 2024-04-02 00:00:00 | 3437.60 | 3514.88 | 3418.93 | 3503.80 | 66200.38 | -0.001728 | 0.020714 | -0.007150 | 0.017496 | -0.001729 | 0.020502 | -0.007175 | 0.017345 |
| 2024-04-02 00:00:00 | 2024-04-02 06:00:00 | 3503.79 | 3505.60 | 3319.20 | 3369.58 | 162396.60 | -0.000003 | 0.000514 | -0.052686 | -0.038307 | -0.000003 | 0.000514 | -0.054124 | -0.039060 |
| 2024-04-02 06:00:00 | 2024-04-02 12:00:00 | 3366.69 | 3388.58 | 3276.72 | 3308.63 | 155744.67 | -0.000858 | 0.005639 | -0.027558 | -0.018088 | -0.000858 | 0.005623 | -0.027945 | -0.018254 |
| 2024-04-02 12:00:00 | 2024-04-02 18:00:00 | 3305.00 | 3324.26 | 3212.00 | 3269.01 | 214926.26 | -0.001097 | 0.004724 | -0.029205 | -0.011975 | -0.001098 | 0.004713 | -0.029640 | -0.012047 |
| 2024-04-02 18:00:00 | 2024-04-03 00:00:00 | 3268.16 | 3305.00 | 3241.69 | 3278.96 | 90238.80 | -0.000260 | 0.011009 | -0.008357 | 0.003044 | -0.000260 | 0.010949 | -0.008392 | 0.003039 |
| 2024-04-03 00:00:00 | 2024-04-03 06:00:00 | 3285.35 | 3324.60 | 3202.79 | 3293.03 | 115438.33 | 0.001949 | 0.013919 | -0.023230 | 0.004291 | 0.001947 | 0.013823 | -0.023504 | 0.004282 |
| 2024-04-03 06:00:00 | 2024-04-03 12:00:00 | 3289.80 | 3357.58 | 3289.80 | 3317.53 | 100981.56 | -0.000981 | 0.019602 | -0.000981 | 0.007440 | -0.000981 | 0.019412 | -0.000981 | 0.007412 |
| 2024-04-03 12:00:00 | 2024-04-03 18:00:00 | 3317.52 | 3367.40 | 3292.80 | 3324.51 | 106095.53 | -0.000003 | 0.015032 | -0.007454 | 0.002104 | -0.000003 | 0.014920 | -0.007482 | 0.002102 |
| 2024-04-03 18:00:00 | 2024-04-04 00:00:00 | 3324.52 | 3341.30 | 3281.21 | 3310.83 | 87891.13 | 0.000003 | 0.005050 | -0.013024 | -0.004115 | 0.000003 | 0.005038 | -0.013110 | -0.004123 |
| 2024-04-04 00:00:00 | 2024-04-04 06:00:00 | 3310.84 | 3333.00 | 3250.92 | 3296.01 | 91303.46 | 0.000003 | 0.006696 | -0.018095 | -0.004476 | 0.000003 | 0.006674 | -0.018261 | -0.004486 |
| 2024-04-04 06:00:00 | 2024-04-04 12:00:00 | 3295.21 | 3355.48 | 3294.46 | 3340.36 | 52612.39 | -0.000243 | 0.018043 | -0.000470 | 0.013456 | -0.000243 | 0.017882 | -0.000470 | 0.013366 |
| 2024-04-04 12:00:00 | 2024-04-04 18:00:00 | 3339.41 | 3416.83 | 3338.95 | 3412.59 | 85873.87 | -0.000284 | 0.022893 | -0.000422 | 0.021623 | -0.000284 | 0.022635 | -0.000422 | 0.021393 |
| 2024-04-04 18:00:00 | 2024-04-05 00:00:00 | 3411.31 | 3443.93 | 3278.02 | 3327.39 | 126618.47 | -0.000375 | 0.009184 | -0.039433 | -0.024966 | -0.000375 | 0.009142 | -0.040232 | -0.025283 |
| 2024-04-05 00:00:00 | 2024-04-05 06:00:00 | 3323.42 | 3336.00 | 3242.01 | 3273.79 | 98355.49 | -0.001193 | 0.002588 | -0.025660 | -0.016109 | -0.001194 | 0.002584 | -0.025995 | -0.016240 |
| 2024-04-05 06:00:00 | 2024-04-05 12:00:00 | 3273.82 | 3312.80 | 3236.80 | 3243.52 | 80290.80 | 0.000009 | 0.011916 | -0.011299 | -0.009246 | 0.000009 | 0.011845 | -0.011363 | -0.009289 |
| 2024-04-05 12:00:00 | 2024-04-05 18:00:00 | 3242.34 | 3333.31 | 3210.00 | 3312.55 | 128051.92 | -0.000364 | 0.027683 | -0.010334 | 0.021282 | -0.000364 | 0.027307 | -0.010388 | 0.021059 |
| 2024-04-05 18:00:00 | 2024-04-06 00:00:00 | 3312.01 | 3350.00 | 3305.10 | 3317.85 | 37788.21 | -0.000163 | 0.011305 | -0.002249 | 0.001600 | -0.000163 | 0.011242 | -0.002252 | 0.001599 |
| 2024-04-06 00:00:00 | 2024-04-06 06:00:00 | 3319.00 | 3352.81 | 3306.68 | 3337.06 | 41836.87 | 0.000347 | 0.010537 | -0.003367 | 0.005790 | 0.000347 | 0.010482 | -0.003372 | 0.005773 |
| 2024-04-06 06:00:00 | 2024-04-06 12:00:00 | 3334.60 | 3351.52 | 3325.00 | 3330.67 | 39686.32 | -0.000737 | 0.004333 | -0.003614 | -0.001915 | -0.000737 | 0.004324 | -0.003621 | -0.001917 |
| 2024-04-06 12:00:00 | 2024-04-06 18:00:00 | 3328.00 | 3361.77 | 3313.40 | 3341.00 | 42476.12 | -0.000802 | 0.009337 | -0.005185 | 0.003102 | -0.000802 | 0.009294 | -0.005199 | 0.003097 |
| 2024-04-06 18:00:00 | 2024-04-07 00:00:00 | 3341.20 | 3398.42 | 3336.94 | 3351.59 | 59481.09 | 0.000060 | 0.017186 | -0.001215 | 0.003170 | 0.000060 | 0.017040 | -0.001216 | 0.003165 |
| 2024-04-07 00:00:00 | 2024-04-07 06:00:00 | 3355.15 | 3413.61 | 3344.08 | 3400.00 | 51420.93 | 0.001062 | 0.018505 | -0.002241 | 0.014444 | 0.001062 | 0.018336 | -0.002243 | 0.014341 |
| 2024-04-07 06:00:00 | 2024-04-07 12:00:00 | 3397.06 | 3401.08 | 3376.83 | 3390.33 | 30433.31 | -0.000865 | 0.000318 | -0.006815 | -0.002844 | -0.000865 | 0.000318 | -0.006838 | -0.002848 |
| 2024-04-07 12:00:00 | 2024-04-07 18:00:00 | 3389.20 | 3420.00 | 3377.34 | 3386.59 | 63603.26 | -0.000333 | 0.008751 | -0.003831 | -0.001103 | -0.000333 | 0.008713 | -0.003839 | -0.001104 |
| 2024-04-07 18:00:00 | 2024-04-08 00:00:00 | 3384.01 | 3459.94 | 3368.00 | 3454.20 | 64876.73 | -0.000762 | 0.021659 | -0.005489 | 0.019964 | -0.000762 | 0.021428 | -0.005504 | 0.019767 |
| 2024-04-08 00:00:00 | 2024-04-08 06:00:00 | 3457.27 | 3457.27 | 3406.36 | 3428.61 | 47047.00 | 0.000889 | 0.000889 | -0.013850 | -0.007408 | 0.000888 | 0.000888 | -0.013947 | -0.007436 |
| 2024-04-08 06:00:00 | 2024-04-08 12:00:00 | 3428.60 | 3640.44 | 3421.12 | 3633.07 | 215062.91 | -0.000003 | 0.061783 | -0.002185 | 0.059633 | -0.000003 | 0.059950 | -0.002187 | 0.057923 |
| 2024-04-08 12:00:00 | 2024-04-08 18:00:00 | 3638.47 | 3677.00 | 3612.00 | 3668.20 | 150544.03 | 0.001486 | 0.012092 | -0.005800 | 0.009669 | 0.001485 | 0.012019 | -0.005816 | 0.009623 |
| 2024-04-08 18:00:00 | 2024-04-09 00:00:00 | 3668.19 | 3730.71 | 3668.19 | 3694.61 | 84267.59 | -0.000003 | 0.017041 | -0.000003 | 0.007200 | -0.000003 | 0.016897 | -0.000003 | 0.007174 |
| 2024-04-09 00:00:00 | 2024-04-09 06:00:00 | 3699.46 | 3727.34 | 3665.25 | 3692.36 | 81594.10 | 0.001313 | 0.008859 | -0.007947 | -0.000609 | 0.001312 | 0.008820 | -0.007978 | -0.000609 |
| 2024-04-09 06:00:00 | 2024-04-09 12:00:00 | 3689.01 | 3696.34 | 3580.57 | 3632.85 | 141636.88 | -0.000907 | 0.001078 | -0.030276 | -0.016117 | -0.000908 | 0.001077 | -0.030744 | -0.016248 |
| 2024-04-09 12:00:00 | 2024-04-09 18:00:00 | 3635.27 | 3643.37 | 3450.46 | 3504.20 | 177899.67 | 0.000666 | 0.002896 | -0.050206 | -0.035413 | 0.000666 | 0.002892 | -0.051510 | -0.036055 |
| 2024-04-09 18:00:00 | 2024-04-10 00:00:00 | 3505.54 | 3526.63 | 3485.82 | 3506.40 | 56338.62 | 0.000382 | 0.006401 | -0.005245 | 0.000628 | 0.000382 | 0.006380 | -0.005259 | 0.000628 |
| 2024-04-10 00:00:00 | 2024-04-10 06:00:00 | 3502.52 | 3541.71 | 3465.64 | 3533.34 | 79145.18 | -0.001107 | 0.010070 | -0.011624 | 0.007683 | -0.001107 | 0.010020 | -0.011693 | 0.007654 |
| 2024-04-10 06:00:00 | 2024-04-10 12:00:00 | 3533.80 | 3554.19 | 3493.07 | 3521.33 | 71272.98 | 0.000130 | 0.005901 | -0.011397 | -0.003399 | 0.000130 | 0.005884 | -0.011463 | -0.003405 |
| 2024-04-10 12:00:00 | 2024-04-10 18:00:00 | 3521.20 | 3547.49 | 3411.82 | 3517.95 | 171857.53 | -0.000037 | 0.007429 | -0.031099 | -0.000960 | -0.000037 | 0.007402 | -0.031593 | -0.000960 |
| 2024-04-10 18:00:00 | 2024-04-11 00:00:00 | 3510.00 | 3562.95 | 3478.42 | 3545.64 | 67138.56 | -0.002260 | 0.012792 | -0.011237 | 0.007871 | -0.002262 | 0.012710 | -0.011300 | 0.007840 |
| 2024-04-11 00:00:00 | 2024-04-11 06:00:00 | 3547.85 | 3581.86 | 3524.27 | 3563.21 | 55034.68 | 0.000623 | 0.010215 | -0.006027 | 0.004955 | 0.000623 | 0.010164 | -0.006045 | 0.004943 |
| 2024-04-11 06:00:00 | 2024-04-11 12:00:00 | 3564.60 | 3618.30 | 3514.57 | 3522.89 | 99489.61 | 0.000390 | 0.015461 | -0.013651 | -0.011316 | 0.000390 | 0.015343 | -0.013745 | -0.011380 |
| 2024-04-11 12:00:00 | 2024-04-11 18:00:00 | 3526.08 | 3575.00 | 3474.52 | 3511.92 | 141759.13 | 0.000906 | 0.014792 | -0.013730 | -0.003114 | 0.000905 | 0.014684 | -0.013825 | -0.003119 |
| 2024-04-11 18:00:00 | 2024-04-12 00:00:00 | 3513.23 | 3532.25 | 3490.63 | 3502.52 | 41847.43 | 0.000373 | 0.005789 | -0.006062 | -0.002677 | 0.000373 | 0.005772 | -0.006081 | -0.002680 |
| 2024-04-12 00:00:00 | 2024-04-12 06:00:00 | 3501.40 | 3552.40 | 3501.34 | 3542.16 | 46641.48 | -0.000320 | 0.014241 | -0.000337 | 0.011318 | -0.000320 | 0.014141 | -0.000337 | 0.011254 |
| 2024-04-12 06:00:00 | 2024-04-12 12:00:00 | 3541.63 | 3543.14 | 3507.95 | 3532.22 | 79373.73 | -0.000150 | 0.000277 | -0.009658 | -0.002806 | -0.000150 | 0.000277 | -0.009705 | -0.002810 |
| 2024-04-12 12:00:00 | 2024-04-12 18:00:00 | 3530.00 | 3532.48 | 3296.00 | 3325.39 | 215919.66 | -0.000628 | 0.000074 | -0.066876 | -0.058555 | -0.000629 | 0.000074 | -0.069217 | -0.060340 |
| 2024-04-12 18:00:00 | 2024-04-13 00:00:00 | 3325.40 | 3341.80 | 3100.00 | 3237.42 | 355407.43 | 0.000003 | 0.004935 | -0.067778 | -0.026454 | 0.000003 | 0.004923 | -0.070185 | -0.026810 |
| 2024-04-13 00:00:00 | 2024-04-13 06:00:00 | 3237.43 | 3265.00 | 3141.60 | 3247.80 | 175691.06 | 0.000003 | 0.008519 | -0.029598 | 0.003206 | 0.000003 | 0.008483 | -0.030044 | 0.003201 |
| 2024-04-13 06:00:00 | 2024-04-13 12:00:00 | 3249.19 | 3301.90 | 3246.32 | 3268.20 | 74757.80 | 0.000428 | 0.016657 | -0.000456 | 0.006281 | 0.000428 | 0.016520 | -0.000456 | 0.006262 |
| 2024-04-13 12:00:00 | 2024-04-13 18:00:00 | 3267.69 | 3296.83 | 3189.23 | 3194.01 | 133055.34 | -0.000156 | 0.008760 | -0.024163 | -0.022701 | -0.000156 | 0.008722 | -0.024460 | -0.022962 |
| 2024-04-13 18:00:00 | 2024-04-14 00:00:00 | 3200.95 | 3237.92 | 2852.00 | 3007.01 | 612926.33 | 0.002173 | 0.013748 | -0.107079 | -0.058547 | 0.002170 | 0.013654 | -0.113257 | -0.060331 |
| 2024-04-14 00:00:00 | 2024-04-14 06:00:00 | 3011.06 | 3079.07 | 2906.73 | 3073.10 | 229560.15 | 0.001347 | 0.023964 | -0.033349 | 0.021979 | 0.001346 | 0.023681 | -0.033918 | 0.021741 |
| 2024-04-14 06:00:00 | 2024-04-14 12:00:00 | 3075.20 | 3102.15 | 3008.86 | 3027.00 | 151500.15 | 0.000683 | 0.009453 | -0.020904 | -0.015001 | 0.000683 | 0.009409 | -0.021126 | -0.015115 |
| 2024-04-14 12:00:00 | 2024-04-14 18:00:00 | 3025.53 | 3101.27 | 2980.00 | 3051.58 | 214206.45 | -0.000486 | 0.024536 | -0.015527 | 0.008120 | -0.000486 | 0.024240 | -0.015649 | 0.008087 |
| 2024-04-14 18:00:00 | 2024-04-15 00:00:00 | 3049.83 | 3174.23 | 3039.00 | 3155.11 | 140843.57 | -0.000573 | 0.040192 | -0.004122 | 0.033927 | -0.000574 | 0.039406 | -0.004131 | 0.033364 |
| 2024-04-15 00:00:00 | 2024-04-15 06:00:00 | 3155.55 | 3161.02 | 3100.00 | 3157.79 | 105936.33 | 0.000139 | 0.001873 | -0.017467 | 0.000849 | 0.000139 | 0.001871 | -0.017621 | 0.000849 |
| 2024-04-15 06:00:00 | 2024-04-15 12:00:00 | 3156.55 | 3277.85 | 3156.55 | 3229.64 | 149623.46 | -0.000393 | 0.038020 | -0.000393 | 0.022753 | -0.000393 | 0.037315 | -0.000393 | 0.022498 |
| 2024-04-15 12:00:00 | 2024-04-15 18:00:00 | 3229.16 | 3246.03 | 3088.93 | 3115.61 | 204896.63 | -0.000149 | 0.005075 | -0.043568 | -0.035307 | -0.000149 | 0.005062 | -0.044546 | -0.035946 |
| 2024-04-15 18:00:00 | 2024-04-16 00:00:00 | 3123.36 | 3128.44 | 3023.19 | 3102.00 | 145029.47 | 0.002487 | 0.004118 | -0.029664 | -0.004368 | 0.002484 | 0.004109 | -0.030112 | -0.004378 |
| 2024-04-16 00:00:00 | 2024-04-16 06:00:00 | 3095.19 | 3120.59 | 2986.00 | 3047.10 | 151549.92 | -0.002195 | 0.005993 | -0.037395 | -0.017698 | -0.002198 | 0.005975 | -0.038112 | -0.017857 |
| 2024-04-16 06:00:00 | 2024-04-16 12:00:00 | 3044.99 | 3128.01 | 3003.00 | 3093.31 | 140577.55 | -0.000692 | 0.026553 | -0.014473 | 0.015165 | -0.000693 | 0.026207 | -0.014579 | 0.015051 |
| 2024-04-16 12:00:00 | 2024-04-16 18:00:00 | 3086.65 | 3095.37 | 2995.00 | 3043.26 | 168153.91 | -0.002153 | 0.000666 | -0.031782 | -0.016180 | -0.002155 | 0.000666 | -0.032298 | -0.016312 |
| 2024-04-16 18:00:00 | 2024-04-17 00:00:00 | 3039.46 | 3118.24 | 3035.46 | 3084.21 | 65794.58 | -0.001249 | 0.024638 | -0.002563 | 0.013456 | -0.001249 | 0.024339 | -0.002566 | 0.013366 |
| 2024-04-17 00:00:00 | 2024-04-17 06:00:00 | 3083.39 | 3123.75 | 3068.39 | 3089.53 | 74075.20 | -0.000266 | 0.012820 | -0.005129 | 0.001725 | -0.000266 | 0.012739 | -0.005143 | 0.001723 |
| 2024-04-17 06:00:00 | 2024-04-17 12:00:00 | 3087.80 | 3098.73 | 3037.65 | 3040.19 | 69904.29 | -0.000560 | 0.002978 | -0.016792 | -0.015970 | -0.000560 | 0.002973 | -0.016935 | -0.016099 |
| 2024-04-17 12:00:00 | 2024-04-17 18:00:00 | 3042.77 | 3063.65 | 2914.47 | 3002.35 | 255708.81 | 0.000849 | 0.007717 | -0.041353 | -0.012447 | 0.000848 | 0.007687 | -0.042232 | -0.012525 |
| 2024-04-17 18:00:00 | 2024-04-18 00:00:00 | 3003.78 | 3043.73 | 2964.35 | 2985.41 | 92204.29 | 0.000476 | 0.013782 | -0.012657 | -0.005642 | 0.000476 | 0.013688 | -0.012738 | -0.005658 |
| 2024-04-18 00:00:00 | 2024-04-18 06:00:00 | 2985.00 | 3035.08 | 2950.98 | 2984.11 | 84832.30 | -0.000137 | 0.016638 | -0.011533 | -0.000435 | -0.000137 | 0.016501 | -0.011600 | -0.000435 |
| 2024-04-18 06:00:00 | 2024-04-18 12:00:00 | 2981.66 | 3065.56 | 2954.01 | 3046.45 | 112060.20 | -0.000821 | 0.027295 | -0.010087 | 0.020891 | -0.000821 | 0.026929 | -0.010138 | 0.020675 |
| 2024-04-18 12:00:00 | 2024-04-18 18:00:00 | 3052.19 | 3094.40 | 2985.69 | 3037.61 | 142910.14 | 0.001884 | 0.015740 | -0.019945 | -0.002902 | 0.001882 | 0.015617 | -0.020146 | -0.002906 |
| 2024-04-18 18:00:00 | 2024-04-19 00:00:00 | 3036.96 | 3080.82 | 3018.20 | 3064.40 | 49239.86 | -0.000214 | 0.014225 | -0.006390 | 0.008819 | -0.000214 | 0.014125 | -0.006410 | 0.008781 |
| 2024-04-19 00:00:00 | 2024-04-19 06:00:00 | 3064.41 | 3070.24 | 2865.18 | 3000.81 | 245695.31 | 0.000003 | 0.001906 | -0.065011 | -0.020751 | 0.000003 | 0.001904 | -0.067221 | -0.020969 |
| 2024-04-19 06:00:00 | 2024-04-19 12:00:00 | 3000.99 | 3128.89 | 2989.57 | 3102.60 | 173282.62 | 0.000060 | 0.042682 | -0.003746 | 0.033921 | 0.000060 | 0.041796 | -0.003753 | 0.033358 |
| 2024-04-19 12:00:00 | 2024-04-19 18:00:00 | 3102.29 | 3121.00 | 3029.72 | 3080.46 | 114294.72 | -0.000100 | 0.005930 | -0.023490 | -0.007136 | -0.000100 | 0.005913 | -0.023770 | -0.007162 |
| 2024-04-19 18:00:00 | 2024-04-20 00:00:00 | 3081.41 | 3107.94 | 3020.63 | 3056.45 | 74609.30 | 0.000308 | 0.008921 | -0.019422 | -0.007794 | 0.000308 | 0.008881 | -0.019614 | -0.007825 |
| 2024-04-20 00:00:00 | 2024-04-20 06:00:00 | 3055.55 | 3070.80 | 3018.75 | 3063.41 | 56122.07 | -0.000294 | 0.004695 | -0.012335 | 0.002277 | -0.000294 | 0.004684 | -0.012411 | 0.002275 |
| 2024-04-20 06:00:00 | 2024-04-20 12:00:00 | 3061.46 | 3071.03 | 3029.99 | 3047.38 | 45426.94 | -0.000637 | 0.002487 | -0.010909 | -0.005233 | -0.000637 | 0.002484 | -0.010969 | -0.005246 |
| 2024-04-20 12:00:00 | 2024-04-20 18:00:00 | 3048.94 | 3166.46 | 3040.34 | 3154.28 | 84286.68 | 0.000512 | 0.039076 | -0.002310 | 0.035079 | 0.000512 | 0.038332 | -0.002313 | 0.034478 |
| 2024-04-20 18:00:00 | 2024-04-21 00:00:00 | 3158.69 | 3171.88 | 3127.00 | 3155.79 | 56737.39 | 0.001398 | 0.005580 | -0.008649 | 0.000479 | 0.001397 | 0.005564 | -0.008686 | 0.000479 |
| 2024-04-21 00:00:00 | 2024-04-21 06:00:00 | 3153.65 | 3197.18 | 3126.87 | 3176.40 | 66119.79 | -0.000678 | 0.013116 | -0.009164 | 0.006531 | -0.000678 | 0.013030 | -0.009206 | 0.006510 |
| 2024-04-21 06:00:00 | 2024-04-21 12:00:00 | 3174.23 | 3191.22 | 3153.66 | 3168.81 | 55968.36 | -0.000683 | 0.004666 | -0.007159 | -0.002389 | -0.000683 | 0.004655 | -0.007185 | -0.002392 |
| 2024-04-21 12:00:00 | 2024-04-21 18:00:00 | 3171.27 | 3176.70 | 3116.49 | 3148.51 | 62216.68 | 0.000776 | 0.002490 | -0.016511 | -0.006406 | 0.000776 | 0.002487 | -0.016649 | -0.006427 |
| 2024-04-21 18:00:00 | 2024-04-22 00:00:00 | 3148.99 | 3169.57 | 3129.82 | 3147.66 | 35637.16 | 0.000152 | 0.006689 | -0.005936 | -0.000270 | 0.000152 | 0.006667 | -0.005954 | -0.000270 |
| 2024-04-22 00:00:00 | 2024-04-22 06:00:00 | 3146.52 | 3231.29 | 3129.15 | 3227.66 | 94412.75 | -0.000362 | 0.026569 | -0.005881 | 0.025416 | -0.000362 | 0.026222 | -0.005898 | 0.025098 |
| 2024-04-22 06:00:00 | 2024-04-22 12:00:00 | 3225.59 | 3235.00 | 3187.99 | 3194.55 | 68825.16 | -0.000641 | 0.002274 | -0.012291 | -0.010258 | -0.000641 | 0.002272 | -0.012367 | -0.010311 |
| 2024-04-22 12:00:00 | 2024-04-22 18:00:00 | 3192.84 | 3216.99 | 3166.80 | 3199.07 | 80411.97 | -0.000535 | 0.007024 | -0.008687 | 0.001415 | -0.000535 | 0.007000 | -0.008725 | 0.001414 |
| 2024-04-22 18:00:00 | 2024-04-23 00:00:00 | 3193.00 | 3224.20 | 3175.75 | 3200.19 | 47231.03 | -0.001897 | 0.007855 | -0.007290 | 0.000350 | -0.001899 | 0.007825 | -0.007316 | 0.000350 |
| 2024-04-23 00:00:00 | 2024-04-23 06:00:00 | 3200.80 | 3223.36 | 3168.52 | 3184.99 | 48059.63 | 0.000191 | 0.007240 | -0.009896 | -0.004750 | 0.000191 | 0.007214 | -0.009946 | -0.004761 |
