| time start | time end | open | high | low | close | volume | raw_2_open | raw_2_high | raw_2_low | raw_2_close |
| --- | --- | --- | --- | --- | --- | --- | --- | --- | --- | --- |
| 2024-03-05 00:00:00 | 2024-03-05 06:00:00 | 3629.00 | 3740.00 | 3607.24 | 3715.80 | 274889.69 | [3542.3701171875, 3629.0] | [3640.93994140625, 3740.0] | [3529.800048828125, 3607.239990234375] | [3627.75, 3715.800048828125] |
| 2024-03-05 06:00:00 | 2024-03-05 12:00:00 | 3710.47 | 3742.00 | 3651.87 | 3731.46 | 152153.01 | [3629.0, 3710.469970703125] | [3740.0, 3742.0] | [3607.239990234375, 3651.8701171875] | [3715.800048828125, 3731.4599609375] |
| 2024-03-05 12:00:00 | 2024-03-05 18:00:00 | 3735.00 | 3822.04 | 3556.46 | 3686.51 | 447418.36 | [3710.469970703125, 3735.0] | [3742.0, 3822.0400390625] | [3651.8701171875, 3556.4599609375] | [3731.4599609375, 3686.510009765625] |
| 2024-03-05 18:00:00 | 2024-03-06 00:00:00 | 3676.01 | 3686.52 | 3200.00 | 3553.66 | 518653.59 | [3735.0, 3676.010009765625] | [3822.0400390625, 3686.52001953125] | [3556.4599609375, 3200.0] | [3686.510009765625, 3553.659912109375] |
| 2024-03-06 00:00:00 | 2024-03-06 06:00:00 | 3552.21 | 3770.63 | 3499.40 | 3769.44 | 256095.44 | [3676.010009765625, 3552.2099609375] | [3686.52001953125, 3770.6298828125] | [3200.0, 3499.39990234375] | [3553.659912109375, 3769.43994140625] |
| 2024-03-06 06:00:00 | 2024-03-06 12:00:00 | 3771.55 | 3899.47 | 3740.83 | 3879.74 | 291457.66 | [3552.2099609375, 3771.550048828125] | [3770.6298828125, 3899.469970703125] | [3499.39990234375, 3740.830078125] | [3769.43994140625, 3879.739990234375] |
| 2024-03-06 12:00:00 | 2024-03-06 18:00:00 | 3879.73 | 3900.00 | 3724.00 | 3847.06 | 295921.26 | [3771.550048828125, 3879.72998046875] | [3899.469970703125, 3900.0] | [3740.830078125, 3724.0] | [3879.739990234375, 3847.06005859375] |
| 2024-03-06 18:00:00 | 2024-03-07 00:00:00 | 3836.67 | 3892.58 | 3792.70 | 3818.58 | 125987.76 | [3879.72998046875, 3836.669921875] | [3900.0, 3892.580078125] | [3724.0, 3792.699951171875] | [3847.06005859375, 3818.580078125] |
| 2024-03-07 00:00:00 | 2024-03-07 06:00:00 | 3822.71 | 3852.69 | 3742.51 | 3753.98 | 137751.52 | [3836.669921875, 3822.7099609375] | [3892.580078125, 3852.68994140625] | [3792.699951171875, 3742.510009765625] | [3818.580078125, 3753.97998046875] |
| 2024-03-07 06:00:00 | 2024-03-07 12:00:00 | 3753.05 | 3814.92 | 3735.00 | 3787.58 | 109037.48 | [3822.7099609375, 3753.050048828125] | [3852.68994140625, 3814.919921875] | [3742.510009765625, 3735.0] | [3753.97998046875, 3787.580078125] |
| 2024-03-07 12:00:00 | 2024-03-07 18:00:00 | 3787.41 | 3872.60 | 3765.12 | 3858.61 | 158357.25 | [3753.050048828125, 3787.409912109375] | [3814.919921875, 3872.60009765625] | [3735.0, 3765.1201171875] | [3787.580078125, 3858.610107421875] |
| 2024-03-07 18:00:00 | 2024-03-08 00:00:00 | 3856.26 | 3933.81 | 3840.00 | 3868.76 | 135744.96 | [3787.409912109375, 3856.260009765625] | [3872.60009765625, 3933.81005859375] | [3765.1201171875, 3840.0] | [3858.610107421875, 3868.760009765625] |
| 2024-03-08 00:00:00 | 2024-03-08 06:00:00 | 3872.96 | 3940.60 | 3863.56 | 3888.07 | 99403.27 | [3856.260009765625, 3872.9599609375] | [3933.81005859375, 3940.60009765625] | [3840.0, 3863.56005859375] | [3868.760009765625, 3888.070068359375] |
| 2024-03-08 06:00:00 | 2024-03-08 12:00:00 | 3888.06 | 3954.98 | 3883.59 | 3950.46 | 122944.64 | [3872.9599609375, 3888.06005859375] | [3940.60009765625, 3954.97998046875] | [3863.56005859375, 3883.590087890625] | [3888.070068359375, 3950.4599609375] |
| 2024-03-08 12:00:00 | 2024-03-08 18:00:00 | 3953.00 | 3993.75 | 3820.00 | 3942.38 | 302903.09 | [3888.06005859375, 3953.0] | [3954.97998046875, 3993.75] | [3883.590087890625, 3820.0] | [3950.4599609375, 3942.3798828125] |
| 2024-03-08 18:00:00 | 2024-03-09 00:00:00 | 3936.90 | 3950.85 | 3871.28 | 3883.37 | 121043.11 | [3953.0, 3936.89990234375] | [3993.75, 3950.85009765625] | [3820.0, 3871.280029296875] | [3942.3798828125, 3883.3701171875] |
| 2024-03-09 00:00:00 | 2024-03-09 06:00:00 | 3886.04 | 3931.39 | 3877.50 | 3918.40 | 58708.04 | [3936.89990234375, 3886.0400390625] | [3950.85009765625, 3931.389892578125] | [3871.280029296875, 3877.5] | [3883.3701171875, 3918.39990234375] |
| 2024-03-09 06:00:00 | 2024-03-09 12:00:00 | 3917.51 | 3942.00 | 3887.99 | 3912.50 | 68544.38 | [3886.0400390625, 3917.510009765625] | [3931.389892578125, 3942.0] | [3877.5, 3887.989990234375] | [3918.39990234375, 3912.5] |
| 2024-03-09 12:00:00 | 2024-03-09 18:00:00 | 3910.05 | 3927.05 | 3870.01 | 3883.07 | 78709.83 | [3917.510009765625, 3910.050048828125] | [3942.0, 3927.050048828125] | [3887.989990234375, 3870.010009765625] | [3912.5, 3883.070068359375] |
| 2024-03-09 18:00:00 | 2024-03-10 00:00:00 | 3881.98 | 3912.68 | 3878.02 | 3905.20 | 48925.99 | [3910.050048828125, 3881.97998046875] | [3927.050048828125, 3912.679931640625] | [3870.010009765625, 3878.02001953125] | [3883.070068359375, 3905.199951171875] |
| 2024-03-10 00:00:00 | 2024-03-10 06:00:00 | 3908.92 | 3950.00 | 3899.51 | 3938.83 | 76291.12 | [3881.97998046875, 3908.919921875] | [3912.679931640625, 3950.0] | [3878.02001953125, 3899.510009765625] | [3905.199951171875, 3938.830078125] |
| 2024-03-10 06:00:00 | 2024-03-10 12:00:00 | 3938.12 | 3964.67 | 3920.02 | 3932.72 | 74694.73 | [3908.919921875, 3938.1201171875] | [3950.0, 3964.669921875] | [3899.510009765625, 3920.02001953125] | [3938.830078125, 3932.719970703125] |
| 2024-03-10 12:00:00 | 2024-03-10 18:00:00 | 3933.20 | 3947.18 | 3860.65 | 3912.03 | 116008.14 | [3938.1201171875, 3933.199951171875] | [3964.669921875, 3947.179931640625] | [3920.02001953125, 3860.64990234375] | [3932.719970703125, 3912.030029296875] |
| 2024-03-10 18:00:00 | 2024-03-11 00:00:00 | 3913.41 | 3918.00 | 3791.26 | 3878.47 | 89611.11 | [3933.199951171875, 3913.409912109375] | [3947.179931640625, 3918.0] | [3860.64990234375, 3791.260009765625] | [3912.030029296875, 3878.469970703125] |
| 2024-03-11 00:00:00 | 2024-03-11 06:00:00 | 3875.60 | 3888.38 | 3722.95 | 3847.98 | 130313.03 | [3913.409912109375, 3875.60009765625] | [3918.0, 3888.3798828125] | [3791.260009765625, 3722.949951171875] | [3878.469970703125, 3847.97998046875] |
| 2024-03-11 06:00:00 | 2024-03-11 12:00:00 | 3847.89 | 4054.60 | 3834.22 | 4034.25 | 299895.25 | [3875.60009765625, 3847.889892578125] | [3888.3798828125, 4054.60009765625] | [3722.949951171875, 3834.219970703125] | [3847.97998046875, 4034.25] |
| 2024-03-11 12:00:00 | 2024-03-11 18:00:00 | 4036.77 | 4065.80 | 3998.92 | 4038.66 | 187916.98 | [3847.889892578125, 4036.77001953125] | [4054.60009765625, 4065.800048828125] | [3834.219970703125, 3998.919921875] | [4034.25, 4038.659912109375] |
| 2024-03-11 18:00:00 | 2024-03-12 00:00:00 | 4039.00 | 4086.23 | 4027.92 | 4064.80 | 103401.38 | [4036.77001953125, 4039.0] | [4065.800048828125, 4086.22998046875] | [3998.919921875, 4027.919921875] | [4038.659912109375, 4064.800048828125] |
| 2024-03-12 00:00:00 | 2024-03-12 06:00:00 | 4072.04 | 4093.92 | 4021.19 | 4040.01 | 107310.67 | [4039.0, 4072.0400390625] | [4086.22998046875, 4093.919921875] | [4027.919921875, 4021.18994140625] | [4064.800048828125, 4040.010009765625] |
| 2024-03-12 06:00:00 | 2024-03-12 12:00:00 | 4038.48 | 4065.00 | 3965.00 | 4020.84 | 120917.23 | [4072.0400390625, 4038.47998046875] | [4093.919921875, 4065.0] | [4021.18994140625, 3965.0] | [4040.010009765625, 4020.840087890625] |
| 2024-03-12 12:00:00 | 2024-03-12 18:00:00 | 4020.34 | 4053.80 | 3828.98 | 3950.56 | 271977.45 | [4038.47998046875, 4020.340087890625] | [4065.0, 4053.800048828125] | [3965.0, 3828.97998046875] | [4020.840087890625, 3950.56005859375] |
| 2024-03-12 18:00:00 | 2024-03-13 00:00:00 | 3958.77 | 3991.00 | 3927.18 | 3979.97 | 132684.34 | [4020.340087890625, 3958.77001953125] | [4053.800048828125, 3991.0] | [3828.97998046875, 3927.179931640625] | [3950.56005859375, 3979.969970703125] |
| 2024-03-13 00:00:00 | 2024-03-13 06:00:00 | 3984.15 | 4045.86 | 3973.53 | 4037.04 | 87242.81 | [3958.77001953125, 3984.14990234375] | [3991.0, 4045.860107421875] | [3927.179931640625, 3973.530029296875] | [3979.969970703125, 4037.0400390625] |
| 2024-03-13 06:00:00 | 2024-03-13 12:00:00 | 4038.18 | 4083.00 | 4033.60 | 4048.91 | 119282.95 | [3984.14990234375, 4038.179931640625] | [4045.860107421875, 4083.0] | [3973.530029296875, 4033.60009765625] | [4037.0400390625, 4048.909912109375] |
| 2024-03-13 12:00:00 | 2024-03-13 18:00:00 | 4052.18 | 4053.00 | 3932.23 | 3981.01 | 191445.77 | [4038.179931640625, 4052.179931640625] | [4083.0, 4053.0] | [4033.60009765625, 3932.22998046875] | [4048.909912109375, 3981.010009765625] |
| 2024-03-13 18:00:00 | 2024-03-14 00:00:00 | 3981.40 | 4021.00 | 3973.51 | 4004.79 | 84339.69 | [4052.179931640625, 3981.39990234375] | [4053.0, 4021.0] | [3932.22998046875, 3973.510009765625] | [3981.010009765625, 4004.7900390625] |
| 2024-03-14 00:00:00 | 2024-03-14 06:00:00 | 4005.79 | 4010.98 | 3940.64 | 3969.16 | 94284.80 | [3981.39990234375, 4005.7900390625] | [4021.0, 4010.97998046875] | [3973.510009765625, 3940.639892578125] | [4004.7900390625, 3969.159912109375] |
| 2024-03-14 06:00:00 | 2024-03-14 12:00:00 | 3970.53 | 3997.70 | 3943.12 | 3955.04 | 89044.63 | [4005.7900390625, 3970.530029296875] | [4010.97998046875, 3997.699951171875] | [3940.639892578125, 3943.1201171875] | [3969.159912109375, 3955.0400390625] |
| 2024-03-14 12:00:00 | 2024-03-14 18:00:00 | 3951.40 | 3967.40 | 3820.20 | 3874.80 | 249671.54 | [3970.530029296875, 3951.39990234375] | [3997.699951171875, 3967.39990234375] | [3943.1201171875, 3820.199951171875] | [3955.0400390625, 3874.800048828125] |
| 2024-03-14 18:00:00 | 2024-03-15 00:00:00 | 3874.81 | 3892.00 | 3723.00 | 3881.69 | 215246.50 | [3951.39990234375, 3874.81005859375] | [3967.39990234375, 3892.0] | [3820.199951171875, 3723.0] | [3874.800048828125, 3881.68994140625] |
| 2024-03-15 00:00:00 | 2024-03-15 06:00:00 | 3886.38 | 3934.02 | 3623.00 | 3674.21 | 326179.36 | [3874.81005859375, 3886.3798828125] | [3892.0, 3934.02001953125] | [3723.0, 3623.0] | [3881.68994140625, 3674.2099609375] |
| 2024-03-15 06:00:00 | 2024-03-15 12:00:00 | 3673.80 | 3779.92 | 3570.00 | 3689.33 | 288898.81 | [3886.3798828125, 3673.800048828125] | [3934.02001953125, 3779.919921875] | [3623.0, 3570.0] | [3674.2099609375, 3689.330078125] |
| 2024-03-15 12:00:00 | 2024-03-15 18:00:00 | 3690.92 | 3742.00 | 3659.01 | 3694.74 | 164260.59 | [3673.800048828125, 3690.919921875] | [3779.919921875, 3742.0] | [3570.0, 3659.010009765625] | [3689.330078125, 3694.739990234375] |
| 2024-03-15 18:00:00 | 2024-03-16 00:00:00 | 3697.50 | 3806.62 | 3606.65 | 3742.19 | 168413.39 | [3690.919921875, 3697.5] | [3742.0, 3806.6201171875] | [3659.010009765625, 3606.64990234375] | [3694.739990234375, 3742.18994140625] |
| 2024-03-16 00:00:00 | 2024-03-16 06:00:00 | 3744.26 | 3781.12 | 3690.18 | 3714.01 | 97735.20 | [3697.5, 3744.260009765625] | [3806.6201171875, 3781.1201171875] | [3606.64990234375, 3690.179931640625] | [3742.18994140625, 3714.010009765625] |
| 2024-03-16 06:00:00 | 2024-03-16 12:00:00 | 3715.40 | 3741.35 | 3661.83 | 3692.29 | 87537.05 | [3744.260009765625, 3715.39990234375] | [3781.1201171875, 3741.35009765625] | [3690.179931640625, 3661.830078125] | [3714.010009765625, 3692.2900390625] |
| 2024-03-16 12:00:00 | 2024-03-16 18:00:00 | 3691.08 | 3711.37 | 3626.39 | 3632.39 | 134081.50 | [3715.39990234375, 3691.080078125] | [3741.35009765625, 3711.3701171875] | [3661.830078125, 3626.389892578125] | [3692.2900390625, 3632.389892578125] |
| 2024-03-16 18:00:00 | 2024-03-17 00:00:00 | 3638.14 | 3638.14 | 3468.80 | 3523.09 | 228662.78 | [3691.080078125, 3638.139892578125] | [3711.3701171875, 3638.139892578125] | [3626.389892578125, 3468.800048828125] | [3632.389892578125, 3523.090087890625] |
| 2024-03-17 00:00:00 | 2024-03-17 06:00:00 | 3522.11 | 3582.40 | 3504.95 | 3545.78 | 109734.06 | [3638.139892578125, 3522.110107421875] | [3638.139892578125, 3582.39990234375] | [3468.800048828125, 3504.949951171875] | [3523.090087890625, 3545.780029296875] |
| 2024-03-17 06:00:00 | 2024-03-17 12:00:00 | 3548.68 | 3606.41 | 3412.00 | 3578.99 | 202185.48 | [3522.110107421875, 3548.679931640625] | [3582.39990234375, 3606.409912109375] | [3504.949951171875, 3412.0] | [3545.780029296875, 3578.989990234375] |
| 2024-03-17 12:00:00 | 2024-03-17 18:00:00 | 3578.61 | 3649.00 | 3528.36 | 3644.63 | 133073.21 | [3548.679931640625, 3578.610107421875] | [3606.409912109375, 3649.0] | [3412.0, 3528.360107421875] | [3578.989990234375, 3644.6298828125] |
| 2024-03-17 18:00:00 | 2024-03-18 00:00:00 | 3638.61 | 3678.68 | 3623.04 | 3644.70 | 72965.08 | [3578.610107421875, 3638.610107421875] | [3649.0, 3678.679931640625] | [3528.360107421875, 3623.0400390625] | [3644.6298828125, 3644.699951171875] |
| 2024-03-18 00:00:00 | 2024-03-18 06:00:00 | 3638.68 | 3645.02 | 3557.31 | 3634.29 | 115821.59 | [3638.610107421875, 3638.679931640625] | [3678.679931640625, 3645.02001953125] | [3623.0400390625, 3557.31005859375] | [3644.699951171875, 3634.2900390625] |
| 2024-03-18 06:00:00 | 2024-03-18 12:00:00 | 3634.66 | 3640.97 | 3548.99 | 3597.83 | 135643.06 | [3638.679931640625, 3634.659912109375] | [3645.02001953125, 3640.969970703125] | [3557.31005859375, 3548.989990234375] | [3634.2900390625, 3597.830078125] |
| 2024-03-18 12:00:00 | 2024-03-18 18:00:00 | 3595.71 | 3613.41 | 3454.09 | 3508.18 | 200886.21 | [3634.659912109375, 3595.7099609375] | [3640.969970703125, 3613.409912109375] | [3548.989990234375, 3454.090087890625] | [3597.830078125, 3508.179931640625] |
| 2024-03-18 18:00:00 | 2024-03-19 00:00:00 | 3511.67 | 3548.00 | 3465.00 | 3520.47 | 118426.99 | [3595.7099609375, 3511.669921875] | [3613.409912109375, 3548.0] | [3454.090087890625, 3465.0] | [3508.179931640625, 3520.469970703125] |
| 2024-03-19 00:00:00 | 2024-03-19 06:00:00 | 3518.65 | 3548.09 | 3353.00 | 3382.20 | 259822.86 | [3511.669921875, 3518.64990234375] | [3548.0, 3548.090087890625] | [3465.0, 3353.0] | [3520.469970703125, 3382.199951171875] |
| 2024-03-19 06:00:00 | 2024-03-19 12:00:00 | 3384.16 | 3393.07 | 3202.84 | 3276.51 | 341397.87 | [3518.64990234375, 3384.159912109375] | [3548.090087890625, 3393.070068359375] | [3353.0, 3202.840087890625] | [3382.199951171875, 3276.510009765625] |
| 2024-03-19 12:00:00 | 2024-03-19 18:00:00 | 3276.60 | 3357.68 | 3223.50 | 3314.29 | 248158.46 | [3384.159912109375, 3276.60009765625] | [3393.070068359375, 3357.679931640625] | [3202.840087890625, 3223.5] | [3276.510009765625, 3314.2900390625] |
| 2024-03-19 18:00:00 | 2024-03-20 00:00:00 | 3308.12 | 3359.80 | 3150.88 | 3158.65 | 200251.58 | [3276.60009765625, 3308.1201171875] | [3357.679931640625, 3359.800048828125] | [3223.5, 3150.8798828125] | [3314.2900390625, 3158.64990234375] |
| 2024-03-20 00:00:00 | 2024-03-20 06:00:00 | 3156.40 | 3266.01 | 3056.56 | 3109.95 | 313301.52 | [3308.1201171875, 3156.39990234375] | [3359.800048828125, 3266.010009765625] | [3150.8798828125, 3056.56005859375] | [3158.64990234375, 3109.949951171875] |
| 2024-03-20 06:00:00 | 2024-03-20 12:00:00 | 3114.25 | 3296.72 | 3108.23 | 3293.26 | 242144.30 | [3156.39990234375, 3114.25] | [3266.010009765625, 3296.719970703125] | [3056.56005859375, 3108.22998046875] | [3109.949951171875, 3293.260009765625] |
| 2024-03-20 12:00:00 | 2024-03-20 18:00:00 | 3288.71 | 3397.00 | 3140.71 | 3299.19 | 400022.71 | [3114.25, 3288.7099609375] | [3296.719970703125, 3397.0] | [3108.22998046875, 3140.7099609375] | [3293.260009765625, 3299.18994140625] |
| 2024-03-20 18:00:00 | 2024-03-21 00:00:00 | 3324.60 | 3535.24 | 3295.42 | 3516.53 | 251870.90 | [3288.7099609375, 3324.60009765625] | [3397.0, 3535.239990234375] | [3140.7099609375, 3295.419921875] | [3299.18994140625, 3516.530029296875] |
| 2024-03-21 00:00:00 | 2024-03-21 06:00:00 | 3519.72 | 3558.99 | 3446.47 | 3510.09 | 155414.89 | [3324.60009765625, 3519.719970703125] | [3535.239990234375, 3558.989990234375] | [3295.419921875, 3446.469970703125] | [3516.530029296875, 3510.090087890625] |
| 2024-03-21 06:00:00 | 2024-03-21 12:00:00 | 3506.26 | 3587.32 | 3502.00 | 3531.18 | 139077.71 | [3519.719970703125, 3506.260009765625] | [3558.989990234375, 3587.320068359375] | [3446.469970703125, 3502.0] | [3510.090087890625, 3531.179931640625] |
| 2024-03-21 12:00:00 | 2024-03-21 18:00:00 | 3535.14 | 3574.41 | 3462.10 | 3473.00 | 156719.94 | [3506.260009765625, 3535.139892578125] | [3587.320068359375, 3574.409912109375] | [3502.0, 3462.10009765625] | [3531.179931640625, 3473.0] |
| 2024-03-21 18:00:00 | 2024-03-22 00:00:00 | 3481.14 | 3521.91 | 3412.00 | 3492.84 | 151560.76 | [3535.139892578125, 3481.139892578125] | [3574.409912109375, 3521.909912109375] | [3462.10009765625, 3412.0] | [3473.0, 3492.840087890625] |
| 2024-03-22 00:00:00 | 2024-03-22 06:00:00 | 3500.00 | 3533.49 | 3454.01 | 3531.80 | 88897.97 | [3481.139892578125, 3500.0] | [3521.909912109375, 3533.489990234375] | [3412.0, 3454.010009765625] | [3492.840087890625, 3531.800048828125] |
| 2024-03-22 06:00:00 | 2024-03-22 12:00:00 | 3532.88 | 3542.52 | 3394.42 | 3405.18 | 99208.69 | [3500.0, 3532.8798828125] | [3533.489990234375, 3542.52001953125] | [3454.010009765625, 3394.419921875] | [3531.800048828125, 3405.179931640625] |
| 2024-03-22 12:00:00 | 2024-03-22 18:00:00 | 3407.59 | 3425.84 | 3281.00 | 3335.97 | 213155.42 | [3532.8798828125, 3407.590087890625] | [3542.52001953125, 3425.840087890625] | [3394.419921875, 3281.0] | [3405.179931640625, 3335.969970703125] |
| 2024-03-22 18:00:00 | 2024-03-23 00:00:00 | 3337.08 | 3362.19 | 3250.00 | 3336.35 | 157625.34 | [3407.590087890625, 3337.080078125] | [3425.840087890625, 3362.18994140625] | [3281.0, 3250.0] | [3335.969970703125, 3336.35009765625] |
| 2024-03-23 00:00:00 | 2024-03-23 06:00:00 | 3328.50 | 3362.38 | 3270.08 | 3331.62 | 75100.15 | [3337.080078125, 3328.5] | [3362.18994140625, 3362.3798828125] | [3250.0, 3270.080078125] | [3336.35009765625, 3331.6201171875] |
| 2024-03-23 06:00:00 | 2024-03-23 12:00:00 | 3331.61 | 3383.80 | 3321.21 | 3364.98 | 69364.59 | [3328.5, 3331.610107421875] | [3362.3798828125, 3383.800048828125] | [3270.080078125, 3321.2099609375] | [3331.6201171875, 3364.97998046875] |
| 2024-03-23 12:00:00 | 2024-03-23 18:00:00 | 3359.84 | 3435.48 | 3343.41 | 3403.81 | 101709.10 | [3331.610107421875, 3359.840087890625] | [3383.800048828125, 3435.47998046875] | [3321.2099609375, 3343.409912109375] | [3364.97998046875, 3403.81005859375] |
| 2024-03-23 18:00:00 | 2024-03-24 00:00:00 | 3404.83 | 3413.39 | 3327.28 | 3329.53 | 77469.02 | [3359.840087890625, 3404.830078125] | [3435.47998046875, 3413.389892578125] | [3343.409912109375, 3327.280029296875] | [3403.81005859375, 3329.530029296875] |
| 2024-03-24 00:00:00 | 2024-03-24 06:00:00 | 3333.00 | 3368.16 | 3298.76 | 3325.13 | 74952.94 | [3404.830078125, 3333.0] | [3413.389892578125, 3368.159912109375] | [3327.280029296875, 3298.760009765625] | [3329.530029296875, 3325.1298828125] |
| 2024-03-24 06:00:00 | 2024-03-24 12:00:00 | 3325.96 | 3392.72 | 3315.01 | 3387.37 | 48830.61 | [3333.0, 3325.9599609375] | [3368.159912109375, 3392.719970703125] | [3298.760009765625, 3315.010009765625] | [3325.1298828125, 3387.3701171875] |
| 2024-03-24 12:00:00 | 2024-03-24 18:00:00 | 3383.04 | 3414.46 | 3333.00 | 3367.53 | 69979.42 | [3325.9599609375, 3383.0400390625] | [3392.719970703125, 3414.4599609375] | [3315.010009765625, 3333.0] | [3387.3701171875, 3367.530029296875] |
| 2024-03-24 18:00:00 | 2024-03-25 00:00:00 | 3367.08 | 3471.22 | 3367.08 | 3454.99 | 66916.70 | [3383.0400390625, 3367.080078125] | [3414.4599609375, 3471.219970703125] | [3333.0, 3367.080078125] | [3367.530029296875, 3454.989990234375] |
| 2024-03-25 00:00:00 | 2024-03-25 06:00:00 | 3454.98 | 3506.49 | 3420.12 | 3486.32 | 103225.14 | [3367.080078125, 3454.97998046875] | [3471.219970703125, 3506.489990234375] | [3367.080078125, 3420.1201171875] | [3454.989990234375, 3486.320068359375] |
| 2024-03-25 06:00:00 | 2024-03-25 12:00:00 | 3485.83 | 3487.98 | 3432.15 | 3436.20 | 72856.85 | [3454.97998046875, 3485.830078125] | [3506.489990234375, 3487.97998046875] | [3420.1201171875, 3432.14990234375] | [3486.320068359375, 3436.199951171875] |
| 2024-03-25 12:00:00 | 2024-03-25 18:00:00 | 3436.43 | 3666.00 | 3430.00 | 3638.91 | 234576.77 | [3485.830078125, 3436.429931640625] | [3487.97998046875, 3666.0] | [3432.14990234375, 3430.0] | [3436.199951171875, 3638.909912109375] |
| 2024-03-25 18:00:00 | 2024-03-26 00:00:00 | 3637.80 | 3646.66 | 3566.47 | 3590.43 | 137959.85 | [3436.429931640625, 3637.800048828125] | [3666.0, 3646.659912109375] | [3430.0, 3566.469970703125] | [3638.909912109375, 3590.429931640625] |
| 2024-03-26 00:00:00 | 2024-03-26 06:00:00 | 3593.65 | 3643.71 | 3580.95 | 3630.29 | 167781.12 | [3637.800048828125, 3593.64990234375] | [3646.659912109375, 3643.7099609375] | [3566.469970703125, 3580.949951171875] | [3590.429931640625, 3630.2900390625] |
| 2024-03-26 06:00:00 | 2024-03-26 12:00:00 | 3630.00 | 3678.86 | 3627.00 | 3631.61 | 92886.00 | [3593.64990234375, 3630.0] | [3643.7099609375, 3678.860107421875] | [3580.949951171875, 3627.0] | [3630.2900390625, 3631.610107421875] |
| 2024-03-26 12:00:00 | 2024-03-26 18:00:00 | 3630.00 | 3654.34 | 3542.62 | 3583.81 | 147178.39 | [3630.0, 3630.0] | [3678.860107421875, 3654.340087890625] | [3627.0, 3542.6201171875] | [3631.610107421875, 3583.81005859375] |
| 2024-03-26 18:00:00 | 2024-03-27 00:00:00 | 3581.69 | 3613.50 | 3555.56 | 3587.32 | 91137.60 | [3630.0, 3581.68994140625] | [3654.340087890625, 3613.5] | [3542.6201171875, 3555.56005859375] | [3583.81005859375, 3587.320068359375] |
| 2024-03-27 00:00:00 | 2024-03-27 06:00:00 | 3586.60 | 3627.67 | 3577.00 | 3612.41 | 58928.24 | [3581.68994140625, 3586.60009765625] | [3613.5, 3627.669921875] | [3555.56005859375, 3577.0] | [3587.320068359375, 3612.409912109375] |
| 2024-03-27 06:00:00 | 2024-03-27 12:00:00 | 3610.50 | 3616.50 | 3532.96 | 3585.07 | 76254.16 | [3586.60009765625, 3610.5] | [3627.669921875, 3616.5] | [3577.0, 3532.9599609375] | [3612.409912109375, 3585.070068359375] |
| 2024-03-27 12:00:00 | 2024-03-27 18:00:00 | 3583.70 | 3665.84 | 3484.00 | 3498.00 | 228965.59 | [3610.5, 3583.699951171875] | [3616.5, 3665.840087890625] | [3532.9599609375, 3484.0] | [3585.070068359375, 3498.0] |
| 2024-03-27 18:00:00 | 2024-03-28 00:00:00 | 3500.32 | 3521.47 | 3460.02 | 3501.20 | 79028.24 | [3583.699951171875, 3500.320068359375] | [3665.840087890625, 3521.469970703125] | [3484.0, 3460.02001953125] | [3498.0, 3501.199951171875] |
| 2024-03-28 00:00:00 | 2024-03-28 06:00:00 | 3501.78 | 3542.37 | 3465.00 | 3533.70 | 128404.91 | [3500.320068359375, 3501.780029296875] | [3521.469970703125, 3542.3701171875] | [3460.02001953125, 3465.0] | [3501.199951171875, 3533.699951171875] |
| 2024-03-28 06:00:00 | 2024-03-28 12:00:00 | 3538.00 | 3595.70 | 3526.09 | 3579.74 | 98842.27 | [3501.780029296875, 3538.0] | [3542.3701171875, 3595.699951171875] | [3465.0, 3526.090087890625] | [3533.699951171875, 3579.739990234375] |
| 2024-03-28 12:00:00 | 2024-03-28 18:00:00 | 3584.23 | 3611.78 | 3537.48 | 3553.85 | 108258.64 | [3538.0, 3584.22998046875] | [3595.699951171875, 3611.780029296875] | [3526.090087890625, 3537.47998046875] | [3579.739990234375, 3553.85009765625] |
| 2024-03-28 18:00:00 | 2024-03-29 00:00:00 | 3553.03 | 3580.00 | 3541.37 | 3560.49 | 69778.66 | [3584.22998046875, 3553.030029296875] | [3611.780029296875, 3580.0] | [3537.47998046875, 3541.3701171875] | [3553.85009765625, 3560.489990234375] |
| 2024-03-29 00:00:00 | 2024-03-29 06:00:00 | 3560.61 | 3584.37 | 3550.05 | 3558.03 | 46495.29 | [3553.030029296875, 3560.610107421875] | [3580.0, 3584.3701171875] | [3541.3701171875, 3550.050048828125] | [3560.489990234375, 3558.030029296875] |
| 2024-03-29 06:00:00 | 2024-03-29 12:00:00 | 3557.66 | 3576.27 | 3512.85 | 3549.86 | 96013.27 | [3560.610107421875, 3557.659912109375] | [3584.3701171875, 3576.27001953125] | [3550.050048828125, 3512.85009765625] | [3558.030029296875, 3549.860107421875] |
| 2024-03-29 12:00:00 | 2024-03-29 18:00:00 | 3552.70 | 3558.00 | 3445.91 | 3485.24 | 113449.79 | [3557.659912109375, 3552.699951171875] | [3576.27001953125, 3558.0] | [3512.85009765625, 3445.909912109375] | [3549.860107421875, 3485.239990234375] |
| 2024-03-29 18:00:00 | 2024-03-30 00:00:00 | 3486.71 | 3524.55 | 3475.39 | 3509.74 | 66518.66 | [3552.699951171875, 3486.7099609375] | [3558.0, 3524.550048828125] | [3445.909912109375, 3475.389892578125] | [3485.239990234375, 3509.739990234375] |
| 2024-03-30 00:00:00 | 2024-03-30 06:00:00 | 3512.53 | 3532.77 | 3486.58 | 3508.00 | 70780.19 | [3486.7099609375, 3512.530029296875] | [3524.550048828125, 3532.77001953125] | [3475.389892578125, 3486.580078125] | [3509.739990234375, 3508.0] |
| 2024-03-30 06:00:00 | 2024-03-30 12:00:00 | 3508.56 | 3564.00 | 3492.20 | 3559.99 | 63280.99 | [3512.530029296875, 3508.56005859375] | [3532.77001953125, 3564.0] | [3486.580078125, 3492.199951171875] | [3508.0, 3559.989990234375] |
| 2024-03-30 12:00:00 | 2024-03-30 18:00:00 | 3565.81 | 3565.81 | 3526.08 | 3531.97 | 42751.68 | [3508.56005859375, 3565.81005859375] | [3564.0, 3565.81005859375] | [3492.199951171875, 3526.080078125] | [3559.989990234375, 3531.969970703125] |
| 2024-03-30 18:00:00 | 2024-03-31 00:00:00 | 3529.98 | 3530.98 | 3485.00 | 3505.65 | 39219.89 | [3565.81005859375, 3529.97998046875] | [3565.81005859375, 3530.97998046875] | [3526.080078125, 3485.0] | [3531.969970703125, 3505.64990234375] |
| 2024-03-31 00:00:00 | 2024-03-31 06:00:00 | 3507.42 | 3607.97 | 3505.09 | 3604.20 | 63373.60 | [3529.97998046875, 3507.419921875] | [3530.97998046875, 3607.969970703125] | [3485.0, 3505.090087890625] | [3505.64990234375, 3604.199951171875] |
| 2024-03-31 06:00:00 | 2024-03-31 12:00:00 | 3607.78 | 3632.80 | 3600.38 | 3609.20 | 70894.53 | [3507.419921875, 3607.780029296875] | [3607.969970703125, 3632.800048828125] | [3505.090087890625, 3600.3798828125] | [3604.199951171875, 3609.199951171875] |
| 2024-03-31 12:00:00 | 2024-03-31 18:00:00 | 3610.72 | 3638.00 | 3606.78 | 3626.59 | 52929.20 | [3607.780029296875, 3610.719970703125] | [3632.800048828125, 3638.0] | [3600.3798828125, 3606.780029296875] | [3609.199951171875, 3626.590087890625] |
| 2024-03-31 18:00:00 | 2024-04-01 00:00:00 | 3626.89 | 3655.32 | 3613.75 | 3645.29 | 56504.73 | [3610.719970703125, 3626.889892578125] | [3638.0, 3655.320068359375] | [3606.780029296875, 3613.75] | [3626.590087890625, 3645.2900390625] |
| 2024-04-01 00:00:00 | 2024-04-01 06:00:00 | 3641.26 | 3645.95 | 3500.00 | 3510.00 | 88452.41 | [3626.889892578125, 3641.260009765625] | [3655.320068359375, 3645.949951171875] | [3613.75, 3500.0] | [3645.2900390625, 3510.0] |
| 2024-04-01 06:00:00 | 2024-04-01 12:00:00 | 3505.76 | 3560.17 | 3502.23 | 3537.98 | 91970.63 | [3641.260009765625, 3505.760009765625] | [3645.949951171875, 3560.169921875] | [3500.0, 3502.22998046875] | [3510.0, 3537.97998046875] |
| 2024-04-01 12:00:00 | 2024-04-01 18:00:00 | 3534.74 | 3570.58 | 3413.71 | 3443.55 | 162102.79 | [3505.760009765625, 3534.739990234375] | [3560.169921875, 3570.580078125] | [3502.22998046875, 3413.7099609375] | [3537.97998046875, 3443.550048828125] |
| 2024-04-01 18:00:00 | 2024-04-02 00:00:00 | 3437.60 | 3514.88 | 3418.93 | 3503.80 | 66089.63 | [3534.739990234375, 3437.60009765625] | [3570.580078125, 3514.8798828125] | [3413.7099609375, 3418.929931640625] | [3443.550048828125, 3503.800048828125] |
| 2024-04-02 00:00:00 | 2024-04-02 06:00:00 | 3505.40 | 3505.60 | 3319.20 | 3369.58 | 162400.03 | [3437.60009765625, 3505.39990234375] | [3514.8798828125, 3505.60009765625] | [3418.929931640625, 3319.199951171875] | [3503.800048828125, 3369.580078125] |
| 2024-04-02 06:00:00 | 2024-04-02 12:00:00 | 3366.69 | 3388.58 | 3276.72 | 3308.63 | 155676.77 | [3505.39990234375, 3366.68994140625] | [3505.60009765625, 3388.580078125] | [3319.199951171875, 3276.719970703125] | [3369.580078125, 3308.6298828125] |
| 2024-04-02 12:00:00 | 2024-04-02 18:00:00 | 3309.49 | 3324.26 | 3212.00 | 3269.01 | 214994.15 | [3366.68994140625, 3309.489990234375] | [3388.580078125, 3324.260009765625] | [3276.719970703125, 3212.0] | [3308.6298828125, 3269.010009765625] |
| 2024-04-02 18:00:00 | 2024-04-03 00:00:00 | 3268.16 | 3305.00 | 3241.69 | 3278.96 | 90238.80 | [3309.489990234375, 3268.159912109375] | [3324.260009765625, 3305.0] | [3212.0, 3241.68994140625] | [3269.010009765625, 3278.9599609375] |
| 2024-04-03 00:00:00 | 2024-04-03 06:00:00 | 3285.35 | 3324.60 | 3202.79 | 3293.03 | 115168.67 | [3268.159912109375, 3285.35009765625] | [3305.0, 3324.60009765625] | [3241.68994140625, 3202.7900390625] | [3278.9599609375, 3293.030029296875] |
| 2024-04-03 06:00:00 | 2024-04-03 12:00:00 | 3293.04 | 3357.58 | 3289.80 | 3317.53 | 101407.91 | [3285.35009765625, 3293.0400390625] | [3324.60009765625, 3357.580078125] | [3202.7900390625, 3289.800048828125] | [3293.030029296875, 3317.530029296875] |
| 2024-04-03 12:00:00 | 2024-04-03 18:00:00 | 3323.20 | 3367.40 | 3292.80 | 3324.51 | 105938.84 | [3293.0400390625, 3323.199951171875] | [3357.580078125, 3367.39990234375] | [3289.800048828125, 3292.800048828125] | [3317.530029296875, 3324.510009765625] |
| 2024-04-03 18:00:00 | 2024-04-04 00:00:00 | 3324.52 | 3341.30 | 3281.21 | 3310.83 | 87891.13 | [3323.199951171875, 3324.52001953125] | [3367.39990234375, 3341.300048828125] | [3292.800048828125, 3281.2099609375] | [3324.510009765625, 3310.830078125] |
| 2024-04-04 00:00:00 | 2024-04-04 06:00:00 | 3310.84 | 3333.00 | 3250.92 | 3296.01 | 91303.46 | [3324.52001953125, 3310.840087890625] | [3341.300048828125, 3333.0] | [3281.2099609375, 3250.919921875] | [3310.830078125, 3296.010009765625] |
| 2024-04-04 06:00:00 | 2024-04-04 12:00:00 | 3295.21 | 3355.48 | 3294.46 | 3340.36 | 52612.39 | [3310.840087890625, 3295.2099609375] | [3333.0, 3355.47998046875] | [3250.919921875, 3294.4599609375] | [3296.010009765625, 3340.360107421875] |
| 2024-04-04 12:00:00 | 2024-04-04 18:00:00 | 3339.41 | 3416.83 | 3338.95 | 3412.59 | 85873.87 | [3295.2099609375, 3339.409912109375] | [3355.47998046875, 3416.830078125] | [3294.4599609375, 3338.949951171875] | [3340.360107421875, 3412.590087890625] |
| 2024-04-04 18:00:00 | 2024-04-05 00:00:00 | 3411.31 | 3443.93 | 3278.02 | 3327.39 | 126618.47 | [3339.409912109375, 3411.31005859375] | [3416.830078125, 3443.929931640625] | [3338.949951171875, 3278.02001953125] | [3412.590087890625, 3327.389892578125] |
| 2024-04-05 00:00:00 | 2024-04-05 06:00:00 | 3323.42 | 3336.00 | 3242.01 | 3273.79 | 98355.49 | [3411.31005859375, 3323.419921875] | [3443.929931640625, 3336.0] | [3278.02001953125, 3242.010009765625] | [3327.389892578125, 3273.7900390625] |
| 2024-04-05 06:00:00 | 2024-04-05 12:00:00 | 3273.82 | 3312.80 | 3236.80 | 3243.52 | 80246.09 | [3323.419921875, 3273.820068359375] | [3336.0, 3312.800048828125] | [3242.010009765625, 3236.800048828125] | [3273.7900390625, 3243.52001953125] |
| 2024-04-05 12:00:00 | 2024-04-05 18:00:00 | 3248.00 | 3333.31 | 3210.00 | 3312.55 | 128096.62 | [3273.820068359375, 3248.0] | [3312.800048828125, 3333.31005859375] | [3236.800048828125, 3210.0] | [3243.52001953125, 3312.550048828125] |
| 2024-04-05 18:00:00 | 2024-04-06 00:00:00 | 3312.01 | 3350.00 | 3305.10 | 3317.85 | 37793.86 | [3248.0, 3312.010009765625] | [3333.31005859375, 3350.0] | [3210.0, 3305.10009765625] | [3312.550048828125, 3317.85009765625] |
| 2024-04-06 00:00:00 | 2024-04-06 06:00:00 | 3317.41 | 3352.81 | 3306.68 | 3337.06 | 41943.99 | [3312.010009765625, 3317.409912109375] | [3350.0, 3352.81005859375] | [3305.10009765625, 3306.679931640625] | [3317.85009765625, 3337.06005859375] |
| 2024-04-06 06:00:00 | 2024-04-06 12:00:00 | 3334.60 | 3351.52 | 3325.00 | 3330.67 | 39635.29 | [3317.409912109375, 3334.60009765625] | [3352.81005859375, 3351.52001953125] | [3306.679931640625, 3325.0] | [3337.06005859375, 3330.669921875] |
| 2024-04-06 12:00:00 | 2024-04-06 18:00:00 | 3328.00 | 3361.77 | 3313.40 | 3341.00 | 42424.48 | [3334.60009765625, 3328.0] | [3351.52001953125, 3361.77001953125] | [3325.0, 3313.39990234375] | [3330.669921875, 3341.0] |
| 2024-04-06 18:00:00 | 2024-04-07 00:00:00 | 3340.22 | 3398.42 | 3336.94 | 3351.59 | 59309.37 | [3328.0, 3340.219970703125] | [3361.77001953125, 3398.419921875] | [3313.39990234375, 3336.93994140625] | [3341.0, 3351.590087890625] |
| 2024-04-07 00:00:00 | 2024-04-07 06:00:00 | 3355.15 | 3413.61 | 3344.08 | 3400.00 | 51582.55 | [3340.219970703125, 3355.14990234375] | [3398.419921875, 3413.610107421875] | [3336.93994140625, 3344.080078125] | [3351.590087890625, 3400.0] |
| 2024-04-07 06:00:00 | 2024-04-07 12:00:00 | 3397.06 | 3401.08 | 3376.83 | 3390.33 | 30467.81 | [3355.14990234375, 3397.06005859375] | [3413.610107421875, 3401.080078125] | [3344.080078125, 3376.830078125] | [3400.0, 3390.330078125] |
| 2024-04-07 12:00:00 | 2024-04-07 18:00:00 | 3391.00 | 3420.00 | 3377.34 | 3386.59 | 63560.52 | [3397.06005859375, 3391.0] | [3401.080078125, 3420.0] | [3376.830078125, 3377.340087890625] | [3390.330078125, 3386.590087890625] |
| 2024-04-07 18:00:00 | 2024-04-08 00:00:00 | 3384.01 | 3459.94 | 3368.00 | 3454.20 | 64905.07 | [3391.0, 3384.010009765625] | [3420.0, 3459.93994140625] | [3377.340087890625, 3368.0] | [3386.590087890625, 3454.199951171875] |
| 2024-04-08 00:00:00 | 2024-04-08 06:00:00 | 3450.45 | 3457.27 | 3406.36 | 3428.61 | 47034.67 | [3384.010009765625, 3450.449951171875] | [3459.93994140625, 3457.27001953125] | [3368.0, 3406.360107421875] | [3454.199951171875, 3428.610107421875] |
| 2024-04-08 06:00:00 | 2024-04-08 12:00:00 | 3429.60 | 3640.44 | 3421.12 | 3633.07 | 215040.00 | [3450.449951171875, 3429.60009765625] | [3457.27001953125, 3640.43994140625] | [3406.360107421875, 3421.1201171875] | [3428.610107421875, 3633.070068359375] |
| 2024-04-08 12:00:00 | 2024-04-08 18:00:00 | 3638.47 | 3677.00 | 3612.00 | 3668.20 | 150584.49 | [3429.60009765625, 3638.469970703125] | [3640.43994140625, 3677.0] | [3421.1201171875, 3612.0] | [3633.070068359375, 3668.199951171875] |
| 2024-04-08 18:00:00 | 2024-04-09 00:00:00 | 3671.38 | 3730.71 | 3668.19 | 3694.61 | 84242.25 | [3638.469970703125, 3671.3798828125] | [3677.0, 3730.7099609375] | [3612.0, 3668.18994140625] | [3668.199951171875, 3694.610107421875] |
| 2024-04-09 00:00:00 | 2024-04-09 06:00:00 | 3699.46 | 3727.34 | 3665.25 | 3692.36 | 81594.11 | [3671.3798828125, 3699.4599609375] | [3730.7099609375, 3727.340087890625] | [3668.18994140625, 3665.25] | [3694.610107421875, 3692.360107421875] |
| 2024-04-09 06:00:00 | 2024-04-09 12:00:00 | 3689.01 | 3696.34 | 3580.57 | 3632.85 | 141636.88 | [3699.4599609375, 3689.010009765625] | [3727.340087890625, 3696.340087890625] | [3665.25, 3580.570068359375] | [3692.360107421875, 3632.85009765625] |
| 2024-04-09 12:00:00 | 2024-04-09 18:00:00 | 3635.27 | 3643.37 | 3450.46 | 3504.20 | 177899.67 | [3689.010009765625, 3635.27001953125] | [3696.340087890625, 3643.3701171875] | [3580.570068359375, 3450.4599609375] | [3632.85009765625, 3504.199951171875] |
| 2024-04-09 18:00:00 | 2024-04-10 00:00:00 | 3505.54 | 3526.63 | 3485.82 | 3506.40 | 56385.37 | [3635.27001953125, 3505.5400390625] | [3643.3701171875, 3526.6298828125] | [3450.4599609375, 3485.820068359375] | [3504.199951171875, 3506.39990234375] |
| 2024-04-10 00:00:00 | 2024-04-10 06:00:00 | 3502.52 | 3541.71 | 3465.64 | 3533.34 | 79098.43 | [3505.5400390625, 3502.52001953125] | [3526.6298828125, 3541.7099609375] | [3485.820068359375, 3465.639892578125] | [3506.39990234375, 3533.340087890625] |
| 2024-04-10 06:00:00 | 2024-04-10 12:00:00 | 3533.80 | 3554.19 | 3493.07 | 3521.33 | 71272.98 | [3502.52001953125, 3533.800048828125] | [3541.7099609375, 3554.18994140625] | [3465.639892578125, 3493.070068359375] | [3533.340087890625, 3521.330078125] |
| 2024-04-10 12:00:00 | 2024-04-10 18:00:00 | 3521.20 | 3547.49 | 3411.82 | 3517.95 | 171857.53 | [3533.800048828125, 3521.199951171875] | [3554.18994140625, 3547.489990234375] | [3493.070068359375, 3411.820068359375] | [3521.330078125, 3517.949951171875] |
| 2024-04-10 18:00:00 | 2024-04-11 00:00:00 | 3510.00 | 3562.95 | 3478.42 | 3545.64 | 67138.56 | [3521.199951171875, 3510.0] | [3547.489990234375, 3562.949951171875] | [3411.820068359375, 3478.419921875] | [3517.949951171875, 3545.639892578125] |
| 2024-04-11 00:00:00 | 2024-04-11 06:00:00 | 3547.85 | 3581.86 | 3524.27 | 3563.21 | 54994.45 | [3510.0, 3547.85009765625] | [3562.949951171875, 3581.860107421875] | [3478.419921875, 3524.27001953125] | [3545.639892578125, 3563.2099609375] |
| 2024-04-11 06:00:00 | 2024-04-11 12:00:00 | 3561.95 | 3618.30 | 3514.57 | 3522.89 | 99529.84 | [3547.85009765625, 3561.949951171875] | [3581.860107421875, 3618.300048828125] | [3524.27001953125, 3514.570068359375] | [3563.2099609375, 3522.889892578125] |
| 2024-04-11 12:00:00 | 2024-04-11 18:00:00 | 3526.08 | 3575.00 | 3474.52 | 3511.92 | 141451.05 | [3561.949951171875, 3526.080078125] | [3618.300048828125, 3575.0] | [3514.570068359375, 3474.52001953125] | [3522.889892578125, 3511.919921875] |
| 2024-04-11 18:00:00 | 2024-04-12 00:00:00 | 3509.90 | 3532.25 | 3490.63 | 3502.52 | 42155.51 | [3526.080078125, 3509.89990234375] | [3575.0, 3532.25] | [3474.52001953125, 3490.6298828125] | [3511.919921875, 3502.52001953125] |
| 2024-04-12 00:00:00 | 2024-04-12 06:00:00 | 3501.40 | 3552.40 | 3501.34 | 3542.16 | 46641.48 | [3509.89990234375, 3501.39990234375] | [3532.25, 3552.39990234375] | [3490.6298828125, 3501.340087890625] | [3502.52001953125, 3542.159912109375] |
| 2024-04-12 06:00:00 | 2024-04-12 12:00:00 | 3541.63 | 3543.14 | 3507.95 | 3532.22 | 79373.73 | [3501.39990234375, 3541.6298828125] | [3552.39990234375, 3543.139892578125] | [3501.340087890625, 3507.949951171875] | [3542.159912109375, 3532.219970703125] |
| 2024-04-12 12:00:00 | 2024-04-12 18:00:00 | 3530.00 | 3532.48 | 3296.00 | 3325.39 | 215919.66 | [3541.6298828125, 3530.0] | [3543.139892578125, 3532.47998046875] | [3507.949951171875, 3296.0] | [3532.219970703125, 3325.389892578125] |
| 2024-04-12 18:00:00 | 2024-04-13 00:00:00 | 3325.40 | 3341.80 | 3100.00 | 3237.42 | 355407.43 | [3530.0, 3325.39990234375] | [3532.47998046875, 3341.800048828125] | [3296.0, 3100.0] | [3325.389892578125, 3237.419921875] |
| 2024-04-13 00:00:00 | 2024-04-13 06:00:00 | 3237.43 | 3265.00 | 3141.60 | 3247.80 | 175691.05 | [3325.39990234375, 3237.429931640625] | [3341.800048828125, 3265.0] | [3100.0, 3141.60009765625] | [3237.419921875, 3247.800048828125] |
| 2024-04-13 06:00:00 | 2024-04-13 12:00:00 | 3249.19 | 3301.90 | 3246.32 | 3268.20 | 74806.00 | [3237.429931640625, 3249.18994140625] | [3265.0, 3301.89990234375] | [3141.60009765625, 3246.320068359375] | [3247.800048828125, 3268.199951171875] |
| 2024-04-13 12:00:00 | 2024-04-13 18:00:00 | 3271.59 | 3296.83 | 3189.23 | 3194.01 | 132843.81 | [3249.18994140625, 3271.590087890625] | [3301.89990234375, 3296.830078125] | [3246.320068359375, 3189.22998046875] | [3268.199951171875, 3194.010009765625] |
| 2024-04-13 18:00:00 | 2024-04-14 00:00:00 | 3190.14 | 3237.92 | 2852.00 | 3007.01 | 613089.68 | [3271.590087890625, 3190.139892578125] | [3296.830078125, 3237.919921875] | [3189.22998046875, 2852.0] | [3194.010009765625, 3007.010009765625] |
| 2024-04-14 00:00:00 | 2024-04-14 06:00:00 | 3011.06 | 3079.07 | 2906.73 | 3073.10 | 229560.15 | [3190.139892578125, 3011.06005859375] | [3237.919921875, 3079.070068359375] | [2852.0, 2906.72998046875] | [3007.010009765625, 3073.10009765625] |
| 2024-04-14 06:00:00 | 2024-04-14 12:00:00 | 3075.20 | 3102.15 | 3008.86 | 3027.00 | 151665.29 | [3011.06005859375, 3075.199951171875] | [3079.070068359375, 3102.14990234375] | [2906.72998046875, 3008.860107421875] | [3073.10009765625, 3027.0] |
| 2024-04-14 12:00:00 | 2024-04-14 18:00:00 | 3028.56 | 3101.27 | 2980.00 | 3051.58 | 214080.02 | [3075.199951171875, 3028.56005859375] | [3102.14990234375, 3101.27001953125] | [3008.860107421875, 2980.0] | [3027.0, 3051.580078125] |
| 2024-04-14 18:00:00 | 2024-04-15 00:00:00 | 3055.86 | 3174.23 | 3039.00 | 3155.11 | 140804.86 | [3028.56005859375, 3055.860107421875] | [3101.27001953125, 3174.22998046875] | [2980.0, 3039.0] | [3051.580078125, 3155.110107421875] |
| 2024-04-15 00:00:00 | 2024-04-15 06:00:00 | 3155.55 | 3161.02 | 3100.00 | 3157.79 | 105936.33 | [3055.860107421875, 3155.550048828125] | [3174.22998046875, 3161.02001953125] | [3039.0, 3100.0] | [3155.110107421875, 3157.7900390625] |
| 2024-04-15 06:00:00 | 2024-04-15 12:00:00 | 3156.55 | 3277.85 | 3156.55 | 3229.64 | 149790.58 | [3155.550048828125, 3156.550048828125] | [3161.02001953125, 3277.85009765625] | [3100.0, 3156.550048828125] | [3157.7900390625, 3229.639892578125] |
| 2024-04-15 12:00:00 | 2024-04-15 18:00:00 | 3231.05 | 3246.03 | 3088.93 | 3115.61 | 204614.98 | [3156.550048828125, 3231.050048828125] | [3277.85009765625, 3246.030029296875] | [3156.550048828125, 3088.929931640625] | [3229.639892578125, 3115.610107421875] |
| 2024-04-15 18:00:00 | 2024-04-16 00:00:00 | 3112.88 | 3128.44 | 3023.19 | 3102.00 | 145084.23 | [3231.050048828125, 3112.8798828125] | [3246.030029296875, 3128.43994140625] | [3088.929931640625, 3023.18994140625] | [3115.610107421875, 3102.0] |
| 2024-04-16 00:00:00 | 2024-04-16 06:00:00 | 3102.35 | 3120.59 | 2986.00 | 3047.10 | 151609.68 | [3112.8798828125, 3102.35009765625] | [3128.43994140625, 3120.590087890625] | [3023.18994140625, 2986.0] | [3102.0, 3047.10009765625] |
| 2024-04-16 06:00:00 | 2024-04-16 12:00:00 | 3044.99 | 3128.01 | 3003.00 | 3093.31 | 140525.32 | [3102.35009765625, 3044.989990234375] | [3120.590087890625, 3128.010009765625] | [2986.0, 3003.0] | [3047.10009765625, 3093.31005859375] |
| 2024-04-16 12:00:00 | 2024-04-16 18:00:00 | 3086.65 | 3095.37 | 2995.00 | 3043.26 | 168053.59 | [3044.989990234375, 3086.64990234375] | [3128.010009765625, 3095.3701171875] | [3003.0, 2995.0] | [3093.31005859375, 3043.260009765625] |
| 2024-04-16 18:00:00 | 2024-04-17 00:00:00 | 3044.80 | 3118.24 | 3035.46 | 3084.21 | 65923.24 | [3086.64990234375, 3044.800048828125] | [3095.3701171875, 3118.239990234375] | [2995.0, 3035.4599609375] | [3043.260009765625, 3084.2099609375] |
| 2024-04-17 00:00:00 | 2024-04-17 06:00:00 | 3085.35 | 3123.75 | 3068.39 | 3089.53 | 74099.09 | [3044.800048828125, 3085.35009765625] | [3118.239990234375, 3123.75] | [3035.4599609375, 3068.389892578125] | [3084.2099609375, 3089.530029296875] |
| 2024-04-17 06:00:00 | 2024-04-17 12:00:00 | 3087.80 | 3098.73 | 3037.65 | 3040.19 | 69874.94 | [3085.35009765625, 3087.800048828125] | [3123.75, 3098.72998046875] | [3068.389892578125, 3037.64990234375] | [3089.530029296875, 3040.18994140625] |
| 2024-04-17 12:00:00 | 2024-04-17 18:00:00 | 3042.77 | 3063.65 | 2914.47 | 3002.35 | 256109.23 | [3087.800048828125, 3042.77001953125] | [3098.72998046875, 3063.64990234375] | [3037.64990234375, 2914.469970703125] | [3040.18994140625, 3002.35009765625] |
| 2024-04-17 18:00:00 | 2024-04-18 00:00:00 | 2997.60 | 3043.73 | 2964.35 | 2985.41 | 91869.88 | [3042.77001953125, 2997.60009765625] | [3063.64990234375, 3043.72998046875] | [2914.469970703125, 2964.35009765625] | [3002.35009765625, 2985.409912109375] |
| 2024-04-18 00:00:00 | 2024-04-18 06:00:00 | 2986.36 | 3035.08 | 2950.98 | 2984.11 | 84795.65 | [2997.60009765625, 2986.360107421875] | [3043.72998046875, 3035.080078125] | [2964.35009765625, 2950.97998046875] | [2985.409912109375, 2984.110107421875] |
| 2024-04-18 06:00:00 | 2024-04-18 12:00:00 | 2981.66 | 3065.56 | 2954.01 | 3046.45 | 112018.21 | [2986.360107421875, 2981.659912109375] | [3035.080078125, 3065.56005859375] | [2950.97998046875, 2954.010009765625] | [2984.110107421875, 3046.449951171875] |
| 2024-04-18 12:00:00 | 2024-04-18 18:00:00 | 3046.04 | 3094.40 | 2985.69 | 3037.61 | 142952.14 | [2981.659912109375, 3046.0400390625] | [3065.56005859375, 3094.39990234375] | [2954.010009765625, 2985.68994140625] | [3046.449951171875, 3037.610107421875] |
| 2024-04-18 18:00:00 | 2024-04-19 00:00:00 | 3036.96 | 3080.82 | 3018.20 | 3064.40 | 49239.86 | [3046.0400390625, 3036.9599609375] | [3094.39990234375, 3080.820068359375] | [2985.68994140625, 3018.199951171875] | [3037.610107421875, 3064.39990234375] |
| 2024-04-19 00:00:00 | 2024-04-19 06:00:00 | 3064.41 | 3070.24 | 2865.18 | 3000.81 | 245731.70 | [3036.9599609375, 3064.409912109375] | [3080.820068359375, 3070.239990234375] | [3018.199951171875, 2865.179931640625] | [3064.39990234375, 3000.81005859375] |
| 2024-04-19 06:00:00 | 2024-04-19 12:00:00 | 2997.60 | 3128.89 | 2989.57 | 3102.60 | 173228.07 | [3064.409912109375, 2997.60009765625] | [3070.239990234375, 3128.889892578125] | [2865.179931640625, 2989.570068359375] | [3000.81005859375, 3102.60009765625] |
| 2024-04-19 12:00:00 | 2024-04-19 18:00:00 | 3105.17 | 3121.00 | 3029.72 | 3080.46 | 114312.88 | [2997.60009765625, 3105.169921875] | [3128.889892578125, 3121.0] | [2989.570068359375, 3029.719970703125] | [3102.60009765625, 3080.4599609375] |
| 2024-04-19 18:00:00 | 2024-04-20 00:00:00 | 3081.41 | 3107.94 | 3020.63 | 3056.45 | 74591.44 | [3105.169921875, 3081.409912109375] | [3121.0, 3107.93994140625] | [3029.719970703125, 3020.6298828125] | [3080.4599609375, 3056.449951171875] |
| 2024-04-20 00:00:00 | 2024-04-20 06:00:00 | 3058.38 | 3070.80 | 3018.75 | 3063.41 | 56092.20 | [3081.409912109375, 3058.3798828125] | [3107.93994140625, 3070.800048828125] | [3020.6298828125, 3018.75] | [3056.449951171875, 3063.409912109375] |
| 2024-04-20 06:00:00 | 2024-04-20 12:00:00 | 3061.46 | 3071.03 | 3029.99 | 3047.38 | 45474.67 | [3058.3798828125, 3061.4599609375] | [3070.800048828125, 3071.030029296875] | [3018.75, 3029.989990234375] | [3063.409912109375, 3047.3798828125] |
| 2024-04-20 12:00:00 | 2024-04-20 18:00:00 | 3048.94 | 3166.46 | 3040.34 | 3154.28 | 84292.90 | [3061.4599609375, 3048.93994140625] | [3071.030029296875, 3166.4599609375] | [3029.989990234375, 3040.340087890625] | [3047.3798828125, 3154.280029296875] |
| 2024-04-20 18:00:00 | 2024-04-21 00:00:00 | 3158.69 | 3171.88 | 3127.00 | 3155.79 | 56715.68 | [3048.93994140625, 3158.68994140625] | [3166.4599609375, 3171.8798828125] | [3040.340087890625, 3127.0] | [3154.280029296875, 3155.7900390625] |
| 2024-04-21 00:00:00 | 2024-04-21 06:00:00 | 3156.37 | 3197.18 | 3126.87 | 3176.40 | 66111.99 | [3158.68994140625, 3156.3701171875] | [3171.8798828125, 3197.179931640625] | [3127.0, 3126.8701171875] | [3155.7900390625, 3176.39990234375] |
| 2024-04-21 06:00:00 | 2024-04-21 12:00:00 | 3177.20 | 3191.22 | 3153.66 | 3168.81 | 55991.66 | [3156.3701171875, 3177.199951171875] | [3197.179931640625, 3191.219970703125] | [3126.8701171875, 3153.659912109375] | [3176.39990234375, 3168.81005859375] |
| 2024-04-21 12:00:00 | 2024-04-21 18:00:00 | 3171.27 | 3176.70 | 3116.49 | 3148.51 | 62375.42 | [3177.199951171875, 3171.27001953125] | [3191.219970703125, 3176.699951171875] | [3153.659912109375, 3116.489990234375] | [3168.81005859375, 3148.510009765625] |
| 2024-04-21 18:00:00 | 2024-04-22 00:00:00 | 3145.22 | 3169.57 | 3129.82 | 3147.66 | 35478.43 | [3171.27001953125, 3145.219970703125] | [3176.699951171875, 3169.570068359375] | [3116.489990234375, 3129.820068359375] | [3148.510009765625, 3147.659912109375] |
| 2024-04-22 00:00:00 | 2024-04-22 06:00:00 | 3146.52 | 3231.29 | 3129.15 | 3227.66 | 94412.75 | [3145.219970703125, 3146.52001953125] | [3169.570068359375, 3231.2900390625] | [3129.820068359375, 3129.14990234375] | [3147.659912109375, 3227.659912109375] |
| 2024-04-22 06:00:00 | 2024-04-22 12:00:00 | 3225.59 | 3235.00 | 3187.99 | 3194.55 | 68825.16 | [3146.52001953125, 3225.590087890625] | [3231.2900390625, 3235.0] | [3129.14990234375, 3187.989990234375] | [3227.659912109375, 3194.550048828125] |
| 2024-04-22 12:00:00 | 2024-04-22 18:00:00 | 3192.84 | 3216.99 | 3166.80 | 3199.07 | 80411.97 | [3225.590087890625, 3192.840087890625] | [3235.0, 3216.989990234375] | [3187.989990234375, 3166.800048828125] | [3194.550048828125, 3199.070068359375] |
| 2024-04-22 18:00:00 | 2024-04-23 00:00:00 | 3193.00 | 3224.20 | 3175.75 | 3200.19 | 47231.03 | [3192.840087890625, 3193.0] | [3216.989990234375, 3224.199951171875] | [3166.800048828125, 3175.75] | [3199.070068359375, 3200.18994140625] |
| 2024-04-23 00:00:00 | 2024-04-23 06:00:00 | 3200.80 | 3223.36 | 3168.52 | 3184.99 | 48056.93 | [3193.0, 3200.800048828125] | [3224.199951171875, 3223.360107421875] | [3175.75, 3168.52001953125] | [3200.18994140625, 3184.989990234375] |
